203.987	44.1015	-746.817
217.662	58.2721	-740.757
213.223	20.1526	-747.864
199.145	18.9704	-757.006
170.549	65.259	-766.499
214.655	62.2502	-756.958
178.992	66.4776	-763.699
175.679	66.5626	-764.41
174.595	69.0215	-764.403
214.837	63.6884	-756.995
170.368	61.0078	-768.363
195.704	120.545	-752.344
192.041	47.6238	-769.305
160.795	-2.32903	-775.504
165.493	79.5379	-772.012
198.674	15.9885	-762.281
157.638	-28.659	-774.762
214.091	62.3091	-756.677
203.351	20.1869	-762.93
220.181	31.379	-757.223
183.107	27.2869	-767.298
226.539	31.9255	-757.542
182.245	31.1388	-767.532
216.418	93.9696	-751.116
205.132	25.0879	-766.312
178.847	17.8351	-771.223
191.652	67.9711	-762.716
213.567	77.9283	-758.485
208.585	48.2592	-763.74
195.539	25.3924	-767.477
181.222	35.7029	-773.03
175.212	40.1588	-774.578
171.506	41.3187	-775.647
178.682	50.4424	-771.197
187.024	89.0177	-764.28
204.947	100.377	-756.879
210.06	84.9946	-759.549
211.028	53.5438	-764.491
202.293	23.8975	-768.72
178.765	24.6452	-773.644
157.492	51.536	-777.319
182.49	115.438	-762.725
197.62	103.99	-764.065
186.569	74.2472	-773.124
164.523	84.1707	-776.134
184.173	151.638	-756.281
187.155	110.07	-769.833
189.03	17.6586	-773.455
172.244	69.5435	-776.09
176.878	60.3303	-778.007
173.651	35.4661	-780.855
192.448	136.865	-755.364
189.086	147.526	-757.214
190.019	80.6104	-769.712
165.482	43.5863	-783.753
157.518	64.1921	-782.781
186.872	128.589	-761.151
193.132	142.301	-755.565
190.849	107.695	-763.485
170.962	79.6564	-775.066
141.202	37.0705	-787.852
169.753	76.7491	-774.98
189.851	119.588	-762.301
187.496	115.46	-759.767
143.697	71.3269	-784.491
146.068	73.2234	-781.712
187.768	124.564	-761.601
166.095	74.391	-776.482
141.931	34.9934	-788.807
181.866	127.789	-762.731
169.396	87.9962	-772.419
162.087	83.8176	-777.017
126.627	6.70971	-791.64
188.889	127.543	-761.921
139.34	4.54011	-789.704
142.801	67.0119	-784.997
192.238	108.767	-765.319
129.46	-15.7359	-794.506
132.954	-0.187659	-791.043
189.148	137.094	-758.944
151.159	49.021	-792.872
193.349	99.3385	-769.335
117.404	35.1256	-801.443
183.621	9.85902	-788.808
73.0534	-18.3875	-812.048
177.209	8.59501	-789.339
124.02	6.9236	-802.575
138.83	31.1207	-803.663
179.553	69.0223	-784.317
163.591	69.9993	-794.332
211.965	104.607	-773.042
180.708	27.9898	-794.606
166.885	-42.7288	-803.085
187.16	140.098	-778.631
181.496	33.6753	-795.648
163.421	35.5623	-808.218
163.421	35.5623	-808.218
119.427	96.4336	-813.709
197.12	-33.4369	-792.424
23.9613	-11.2319	-832.2
131.157	57.1318	-798.413
122.284	6.67647	-820.908
152.114	37.717	-805.338
143.964	62.0777	-809.812
106.098	5.16986	-808.468
154.471	50.0703	-807.512
134.201	67.7708	-809.85
150.086	-1.45468	-811.529
171.593	93.1831	-786.201
84.347	78.3831	-818.102
107.132	73.1731	-801.276
167.463	41.1758	-783.976
151.075	77.288	-778.989
180.439	20.9116	-798.951
180.439	20.9116	-798.951
163.784	47.368	-784.107
178.159	28.8904	-779.082
134.165	86.014	-812.956
134.165	86.014	-812.956
120.513	34.2844	-811.968
165.747	76.9636	-807.009
165.747	76.9636	-807.009
176.769	55.191	-781.63
161.852	77.0793	-813.091
161.852	77.0793	-813.091
-36.1112	61.4651	-825.727
-24.9314	32.868	-832.457
180.603	47.4733	-799.008
176.469	49.8391	-818.947
176.469	49.8391	-818.947
176.469	49.8391	-818.947
159.109	51.2175	-826.824
159.109	51.2175	-826.824
163.375	62.3104	-820.778
172.806	69.4643	-836.935
172.806	69.4643	-836.935
172.806	69.4643	-836.935
179.987	68.4847	-838.715
91.1327	11.4917	-868.983
96.8719	35.2443	-871.739
166.624	63.4147	-857.649
105.434	32.5976	-866.186
103.773	-0.0460109	-878.062
146.213	-75.3903	-836.151
-140.029	-15.4444	-850.571
-17.5244	31.0569	-892.81
96.4085	-26.0237	-889.671
96.4085	-26.0237	-889.671
107.597	45.4624	-891.062
-2.99834	22.1283	-905.415
105.933	-66.2891	-896.464
140.437	-2.48188	-894.826
-63.0663	9.32036	-916.215
108.648	-70.2152	-906.628
107.673	2.51275	-914.343
107.673	2.51275	-914.343
107.673	2.51275	-914.343
138.994	-48.3135	-900.402
-75.8603	63.8486	-927.636
101.733	6.36459	-923.077
-77.9901	34.2121	-937.43
145.432	-73.6005	-923.401
145.432	-73.6005	-923.401
145.432	-73.6005	-923.401
120.553	-42.9478	-939.581
163.418	22.9878	-940.818
165.624	24.6367	-941.914
184.764	-28.4543	-932.01
172.936	12.3337	-946.26
172.936	12.3337	-946.26
172.936	12.3337	-946.26
154.053	-17.177	-946.945
173.283	1.6645	-963.448
164.315	13.8627	-964.539
134.035	20.5854	-976.217
38.0173	-20.7465	-991.842
47.9412	1.5655	-991.868
94.2404	12.2406	-992.838
117.373	18.9835	-992.759
144.085	10.7392	-988.97
184.494	-2.25695	-985.297
147.335	-12.2341	-990.423
132.551	-27.9846	-995.936
-158.524	20.5525	-995.078
-142.417	-14.4794	-999.62
-169.448	29.5514	-997.47
-151.695	-25.2148	-1007.69
104.249	25.4733	-1018.53
-148.696	46.5581	-1013.31
167.4	-14.2635	-1014.97
157.658	14.8724	-1017.25
145.494	-39.4603	-1020.01
174.267	-16.0533	-1018.26
209.817	28.8523	-1012.86
237.136	76.1908	-1002.3
236.591	64.9372	-1007.66
142.622	-0.271137	-1040.7
-170.773	-22.0606	-1038.01
186.104	36.347	-1038.64
229.397	78.9179	-1022.07
252.893	110.011	-1005.98
-173.724	-23.3758	-1050.51
185.898	14.6327	-1050.61
220.534	38.568	-1043.39
271.036	92.777	-1025.75
-107.03	62.795	-1077.83
-164.635	-46.7183	-1069.32
214.786	67.5395	-1059.16
254.471	77.2104	-1046
-139.868	49.0118	-1084.29
161.483	13.2052	-1084.99
199.878	22.4232	-1079.91
212.125	91.6702	-1071.29
181.002	51.6688	-1091.89
129.88	-7.01234	-1106.35
222.44	80.4623	-1090.39
214.869	-6.13472	-1102.77
130.059	-19.4301	-1122.02
197.557	75.7117	-1107.31
188.601	76.4963	-1111.36
153.424	21.0005	-1133.87
179.733	-22.0574	-1129.48
214.67	45.2882	-1118.17
221.368	49.9622	-1115.99
183.971	27.9357	-1134.81
-130.587	19.5986	-1151.54
134.901	76.279	-1149.71
195.591	73.3127	-1137.75
199.33	18.7198	-1145.26
196.424	44.3144	-1151.35
228.221	45.925	-1148.48
164.238	13.3458	-1164.52
-84.0887	90.4911	-1183.07
-142.069	-26.4468	-1181.79
134.409	19.9226	-1187.92
153.006	96.9122	-1182.85
193.89	75.4256	-1183.53
183.668	102.075	-1182.36
230.859	53.4884	-1184.47
158.391	-22.6277	-1197.96
213.467	20.1047	-1193.74
-134.796	61.8913	-1203.31
-120.76	-1.41358	-1220.88
173.775	118.023	-1204.85
257.131	53.1852	-1190.64
228.298	37.313	-1202.21
150.318	-18.2183	-1222.17
189.129	95.6133	-1208.67
253.324	83.2894	-1199.2
226.962	82.0313	-1211.98
111.385	38.7091	-1241.89
206.448	-7.40424	-1224.9
223.574	39.7594	-1221.89
204.671	59.8409	-1235.63
105.745	-36.0979	-1256.23
243.583	28.6486	-1226.12
249.49	80.9697	-1226.72
183.51	31.0108	-1243.57
35.0146	41.6217	-1278.5
192.175	63.8496	-1251.51
269.358	64.4592	-1229.7
206.398	42.6959	-1265.1
-166.461	-15.1896	-1275.39
162.913	3.07071	-1285.62
239.236	21.0543	-1254.45
236.141	-13.2448	-1263.02
232.566	93.7746	-1265.99
258.562	20.6002	-1272.34
212.043	-88.3382	-1274.97
214.024	-69.6532	-1279.08
-206.078	10.466	-1297.31
-288.369	-151.702	-1254.73
257.553	-22.0899	-1288.68
284.253	-76.4773	-1279.88
-244.114	-0.760279	-1300.09
-242.6	-13.5365	-1305.83
258.739	20.7335	-1295.37
270.916	7.317	-1297.79
216.633	5.98815	-1330.23
-237.475	-35.7933	-1319.44
-256.465	-71.267	-1311.82
253.595	92.3026	-1313.57
264.79	62.6157	-1318.92
272.062	27.729	-1324.5
280.569	23.3285	-1326.15
303.994	67.8184	-1321.93
317.174	94.521	-1314.66
331.182	94.0409	-1323
327.26	97.1752	-1320.65
-232.313	76.6671	-1366.16
-245.762	31.8299	-1365.3
222.95	157.113	-1364.52
310.364	232.137	-1329.57
-301.05	-79.6522	-1364.03
-254.442	108.826	-1370.4
275.824	13.0292	-1381.35
346.902	128.421	-1365.69
-243.388	38.1085	-1411.31
-257.072	68.0148	-1395.69
323.274	-71.3281	-1382.48
299.916	-200.427	-1389.86
-272.598	-74.0359	-1415.31
319.325	-81.0808	-1396.08
270.641	-141.473	-1420.14
328.255	224.233	-1382.34
-244.391	164.007	-1427.98
281.523	-1.29006	-1436.25
-313.361	-142.688	-1413.58
309.87	-133.797	-1428.03
313.413	197.075	-1408.71
-341.192	171.52	-1419.59
354.493	174.674	-1409.04
-319.828	151.727	-1430.39
365.815	207.333	-1416.57
365.141	-253.187	-1401.78
-364.142	-263.05	-1411.87
378.61	-191.014	-1408.51
-307.808	31.3822	-1468.41
352.427	52.6095	-1463.53
-328.293	279.451	-1428.87
296.256	-236.354	-1463.46
347.691	299.272	-1416.18
-335.438	-238.71	-1443.18
-293.023	14.538	-1500.63
-240.387	206.929	-1487.92
280.392	-218.754	-1475.7
275.794	127.837	-1502.46
386.338	187.384	-1461.85
313.508	104.292	-1490.68
322.767	130.562	-1494.74
256.528	-65.7922	-1516.93
326.064	11.9802	-1506.81
309.325	141.356	-1502.81
291.795	130.159	-1495.36
332.332	40.4175	-1503.42
368.861	250.921	-1467.16
233.225	219.037	-1509.65
-237.287	-43.7026	-1535.72
-261.026	241.368	-1508.66
285.976	-123.203	-1518.16
306.693	167.917	-1504.12
-335.693	-336.276	-1464.48
-216.403	-120.668	-1557.57
-242.257	120.57	-1555.29
225.599	155.33	-1550.34
293.631	318.254	-1491.82
275.6	-280.177	-1510.5
339.44	-318.503	-1487.23
-343.101	-136.939	-1540.45
393.765	332.204	-1462.54
115.303	193.162	-1580.06
-187.911	214.552	-1570.47
258.546	238.327	-1534.96
189.909	-89.7462	-1590.03
-400.287	-247.905	-1505.09
382.275	201.414	-1540.26
-366.357	-210.577	-1546.07
333.477	-22.4601	-1578.32
269.924	-17.0387	-1603.72
-375.987	-6.18196	-1561.38
342.489	-215.522	-1547.76
327.339	-197.299	-1567.85
-42.4951	-228.628	-1615.64
-377.363	134.854	-1561.66
-414.901	28.4614	-1540.98
394.458	-222.437	-1532.91
408.466	-162.505	-1537.38
327.993	-198.24	-1573.25
-287.816	-288.483	-1577.69
-350.561	-13.4555	-1575.65
-383.392	-37.6344	-1560.72
-296.452	95.6957	-1593.94
316.155	-33.5585	-1596.51
379.535	108.985	-1578.51
380.425	109.628	-1566.16
315.667	137.579	-1593.01
282.24	275.895	-1586.91
186.002	240.091	-1623.5
186.002	240.091	-1623.5
4.03097	106.696	-1657.21
4.03097	106.696	-1657.21
4.03097	106.696	-1657.21
4.03097	106.696	-1657.21
4.03097	106.696	-1657.21
85.8668	-168.13	-1647.11
345.597	-300.272	-1561.82
397.652	-348.065	-1527.19
315.089	-222.655	-1612.86
-431.686	-219.365	-1580.31
-410.685	-144.152	-1607.11
-298.245	178.994	-1623.34
-119.381	299.458	-1635.62
-392.238	-303.452	-1556.68
-386.784	-71.1389	-1634.14
81.7035	-268.57	-1688.49
394.005	-20.6822	-1635.35
311.222	148.098	-1645.63
-390.037	-205.276	-1603.29
-363.883	-340.639	-1612.2
324.076	108.339	-1668.96
370.078	-76.7359	-1644.82
393.476	-243.83	-1609.54
-423.091	1.41393	-1619.58
-388.782	220.396	-1640.05
11.4786	92.7524	-1740.02
11.4786	92.7524	-1740.02
284.568	-167.774	-1690.04
303.54	-89.8571	-1685.62
328.58	266.527	-1648.29
457.803	371.823	-1587.69
296.754	192.966	-1672.8
16.0692	92.7219	-1740.08
373.352	54.6108	-1663.46
422.823	305.395	-1615.62
348.033	-134.29	-1675.99
413.332	163.222	-1646.51
368.045	-237.289	-1657.89
-441.577	360.938	-1580.01
373.56	23.6542	-1669.22
338.019	-239.394	-1674.71
444.897	-393.573	-1569.73
-302.604	289.327	-1666.33
-369.265	-129.985	-1670.89
-356.219	-72.1837	-1688.47
-403.454	-170.363	-1664.59
-422.204	-124.903	-1670.07
-414.601	-136.391	-1677.81
-406.88	-164.663	-1674.07
-407.44	-164.807	-1674.28
-396.597	-188.194	-1663.35
-398.4	-166.777	-1661.36
-399.156	-146.501	-1659.35
290.666	26.13	-1733.67
302.069	-181.056	-1704.14
437.434	-400.76	-1585.77
-287.654	142.959	-1711.32
394.1	-365.612	-1602.47
344.138	-246.637	-1652.56
349.059	-31.3944	-1703.47
314.549	41.7191	-1708.22
215.871	-174.863	-1717.55
57.2624	220.108	-1733.23
-424.611	-257.392	-1632.85
356.24	3.22877	-1712.27
434.961	-397.146	-1586.68
-414.907	413.892	-1595.99
272.176	41.2222	-1716.71
408.603	247.458	-1642.75
-463.16	-298.915	-1608.54
-488.055	-222.674	-1607.5
-338.256	14.2871	-1696.46
329.611	-2.19038	-1696.97
312.046	40.5995	-1697.84
256.362	-103.369	-1695.59
-387.909	208.218	-1650.22
-450.628	245.81	-1611.25
-469.83	322.058	-1580.37
478.245	-394.368	-1553.7
415.463	-331.952	-1595.74
363.632	-193.422	-1651.5
439.922	103.779	-1643.99
414.037	43.6904	-1657.91
485.874	-323.961	-1570.36
333.054	-177.972	-1670.28
383.953	50.2738	-1673.61
339.718	-170.273	-1690.33
-478.27	304.794	-1577.17
-471.646	228.175	-1599.07
-352.493	148.87	-1680.33
-425.765	-280.211	-1624.58
-436.498	-316.589	-1614.66
431.68	238.006	-1629.29
476.265	203.475	-1612.18
444.114	122.699	-1644.11
419.35	40.7337	-1664.91
-418.643	-77.6025	-1650.07
-477.222	-169.571	-1614.08
-486.131	-234.062	-1610.35
-410.267	-217.679	-1641.2
477.074	238.796	-1599.87
402.778	63.0683	-1667.06
-392.618	-45.1334	-1671.3
-446.921	-296.365	-1600.73
443.195	216.464	-1621.43
355.493	-60.1409	-1682.68
-363.728	101.683	-1659.84
-271.66	17.9524	-1710.02
448.039	-332.101	-1580.92
-348.706	59.6291	-1662.94
-452.529	-246.154	-1614.02
456.72	201.522	-1609.88
349.434	-162.067	-1675.7
-455.85	309.22	-1587.89
-303.087	-196.697	-1680.8
427.099	160.177	-1638.43
407.621	14.9345	-1667
-371.86	48.4556	-1667.46
-357.81	125.998	-1676.91
-288.927	151.89	-1692.52
390.44	126.219	-1651.51
391.061	95.2168	-1656.92
396.724	40.846	-1662.52
-367.331	-49.8318	-1666.86
-293.552	-59.3864	-1698.39
310.413	-192.853	-1694.05
375.661	-298.779	-1647.83
-398.116	268.258	-1632.29
-329.877	118.898	-1684.03
-296.463	55.8697	-1703.91
282.365	280.218	-1675.14
337.592	208.958	-1667.63
405.982	310.85	-1622.57
401.541	265.681	-1636.08
377.548	274.46	-1642.78
-441.46	-288.216	-1612.46
328.333	213.048	-1685.58
262.755	17.3614	-1731.71
230.689	1.10171	-1728.53
296.198	-73.3594	-1707.8
376.894	-74.1742	-1699.14
333.204	-147.25	-1700.55
-215.797	7.45037	-1737.08
-313.415	-63.0899	-1731.74
242.325	150.235	-1724.05
-306.189	33.2974	-1720.62
306.87	0.938581	-1751.51
261.431	46.4958	-1729.13
337.273	-132.55	-1712.46
362.419	-125.956	-1706.02
-334.368	-43.0167	-1733.09
41.2056	191.992	-1761.86
-128.241	154.718	-1750.2
266.379	-175.675	-1739.75
373.809	-3.10489	-1730.31
184.381	63.3799	-1749.91
295.712	-93.9038	-1732.3
352.43	-313.786	-1666.83
-121.031	224.678	-1742.02
243.094	-217.202	-1725.82
-25.378	227.915	-1750.86
-356.39	166.587	-1718.66
-278.986	-33.3487	-1748.87
-122.529	310.81	-1741.23
-269.887	212.44	-1731.68
350.032	-262.378	-1721.3
-298.259	83.2759	-1749.81
269.638	-181.603	-1755.11
246.39	-102.253	-1766.66
226.175	-142.633	-1761.81
230.01	-152.895	-1769.56
263.98	-224.174	-1756.74
260.299	-278.734	-1747.93
183.816	-336.285	-1750.95
183.816	-336.285	-1750.95
212.331	-359.478	-1737.1
-218.679	388.017	-1733.98
-181.199	426.632	-1724.08
-183.392	433.018	-1714.24
250.587	-203.536	-1795.48
210.737	-362.516	-1747.48
-155.138	427.207	-1730.86
304.644	-392.241	-1723.96
-201.773	469.078	-1704.23
339.31	-462.012	-1687.36
-158.564	444.53	-1728.34
293.807	-440.943	-1707.87
-158.726	443.724	-1729.6
206.468	-359.695	-1756.55
-200.473	418.545	-1734.99
-114.237	399.772	-1755.32
98.1568	-325.818	-1785.84
185.691	-400.079	-1756.22
-170.331	430.117	-1767.6
-164.419	376.426	-1783.25
-5.65177	408.192	-1772.57
61.2558	284.577	-1828.1
-13.3359	265.373	-1825.25
125.25	-367.084	-1794.47
175.626	-423.514	-1765.99
-235.68	408.097	-1769.82
-217.226	424.032	-1770.87
-100.663	392.799	-1802.74
-158.292	-395.838	-1793.91
-264.211	-353.881	-1797.66
-336.795	-473.546	-1738.04
-323.106	479.882	-1733.46
-103.67	410.279	-1803.51
-351.589	-429.569	-1752.7
-221.702	-414.802	-1798.75
-246.956	482.874	-1760.34
-292.472	-210.006	-1867.31
-96.9851	445.534	-1807.6
77.1701	-286.114	-1877.39
-265.511	503.971	-1767.15
387.555	-481.464	-1766.27
-8.24985	342.005	-1865.26
137.211	375.272	-1861.86
318.832	276.427	-1866.6
140.311	-357.131	-1871.07
-156.734	322.714	-1891.13
407.7	343.55	-1833.73
-190.72	-321.159	-1882.67
-75.9671	358.852	-1873.02
199.082	-278.696	-1888.74
289.817	140.306	-1881.89
519.736	-452.978	-1733.02
-284.33	204.596	-1897.02
-398.501	436.92	-1779.68
-257.552	269.798	-1889.37
-437.036	-206.372	-1860.3
348.354	288.481	-1859.1
458.023	-405.518	-1792.76
419.387	336.258	-1830.68
510.096	-475.969	-1727.47
424.272	142.084	-1877.05
-306.458	228.293	-1900.6
442.073	-394.867	-1813.38
-481.296	-327.137	-1829.15
-322.326	465.647	-1827.46
-540.117	-338.569	-1802.98
-477.787	452.343	-1765.78
392.774	285.263	-1868.2
-511.034	-312.638	-1826.83
451.722	-328.026	-1843.46
394.284	-267.529	-1866.11
407.77	364.855	-1825.55
-469.369	-199.38	-1888.72
423.557	-248.871	-1865.12
390.937	106.555	-1896.91
403.658	433.05	-1810.75
-466.429	-204.306	-1882.08
-406.337	164.583	-1886.88
-347.213	337.445	-1864.45
383.78	94.2959	-1899.07
374.477	323.364	-1871.01
-368.54	-143.583	-1921.41
-396.266	64.1828	-1928.76
-371.882	-211.122	-1888.07
-403.863	-81.3825	-1907.58
-405.161	125.049	-1910.71
-246.115	107.875	-1942.03
-307.084	105.487	-1928.11
-443.132	-43.8179	-1903.1
-414.577	3.3596	-1908.95
-375.477	-121.595	-1919.65
-399.627	-252.798	-1876.2
-385.879	-304.169	-1873.33
222.133	206.4	-1940.57
299.405	-215.2	-1941.72
324.306	86.2767	-1953.73
317.612	-36.4489	-1944.68
398.214	-1.45443	-1910.03
433.602	-94.0417	-1892.25
-369.987	228.102	-1899.82
-111.38	229.915	-1948.27
-345.69	-10.496	-1945.05
231.758	-82.8658	-1974.3
464.104	25.6825	-1921.78
-437.262	-68.6539	-1924.71
-484.741	-236.523	-1889.73
387.452	69.3138	-1956.15
-476.178	-200.804	-1898.88
304.949	64.8397	-1986.31
463.004	137.222	-1939.01
-440.653	-83.4127	-1940.47
416.761	-342.782	-1914.5
325.942	-214.456	-1947.44
-214.731	338.569	-1947.07
-504.008	-291.275	-1891.86
-372.964	111.305	-1990.72
434.781	-65.6064	-1960.16
445.785	74.573	-1944.2
-190.801	-350.9	-1979.12
-483.087	199.902	-1922.23
-525.921	485.615	-1831.1
502.401	-437.735	-1887.54
395.577	-251.752	-1953.49
453.397	179.98	-1959.06
594.891	490.761	-1818.29
549.541	435.522	-1873.38
359.986	92.0973	-2018.12
309.801	-22.5744	-2029.1
371.622	-43.4652	-2001.14
-337.276	-321.688	-1976.66
455.411	-418.324	-1907.92
435.65	-177.369	-2000.39
-332.115	221.572	-2015.07
-105.391	152.157	-2039.89
-300.335	334.775	-1990.76
537.394	214.254	-1961.03
230.997	218.701	-2050.85
-362.353	474.97	-1954.54
-216.303	229.928	-2027.55
555.948	-526.809	-1845.84
-562.754	313.205	-1946.9
-531.312	-231.788	-1979.52
597.734	-358.861	-1925.39
-333.712	-78.2506	-2043.43
181.129	375.079	-2023.43
-1.28908	399.11	-2042.95
390.914	53.9215	-2043.05
445.752	-112.083	-2035.93
504.616	-116.628	-2034.08
536.077	-186.958	-2007.96
511.596	-341.519	-1991.13
-546.651	-177.281	-1986.49
-550.509	22.527	-2014.2
-482.855	75.8723	-2051.73
565.513	-380.405	-1937.55
545.44	-338.715	-1983.05
446.335	-113.719	-2035.14
393.075	215.118	-2039.96
272.724	351.25	-2024.45
474.19	-179.114	-2013.79
513.381	-386.561	-1981.05
513.26	-341.157	-1990.94
-511.972	-172.214	-2001.55
-479.516	-154.976	-2013.75
-434.43	-221.64	-2011.96
-480.426	-328.324	-1965.95
-430.933	124.833	-2031.67
-238.454	327.171	-2053.57
-290.743	294.109	-2061.78
-317.078	-295.79	-2045.26
392.401	-238.257	-2043.23
502.679	-280.332	-2007.11
514.087	-216.205	-2016.75
395.201	-191.951	-2035.23
-171.041	432.348	-2030.54
-485.012	165.854	-2016.72
-484.327	-44.9264	-2036.59
-514.161	42.1672	-2036.5
-484.493	79.4887	-2050.07
519.06	-372.105	-1974.9
395.038	-314.31	-2050.74
358.38	-71.6998	-2072.83
449.305	-25.3455	-2036.74
272.232	102.565	-2053.42
504.401	-376.871	-1988.07
-526.365	-360.98	-1930.19
-387.232	517.078	-1929.62
18.6669	296.438	-2070.22
471.303	-550.803	-1877.08
129.393	393.107	-2042.04
-407.845	348.168	-1991.45
-291.233	483.31	-1962.56
410.239	494.086	-1922.38
-363.839	421.728	-1957.15
-396.224	-419.795	-1988.69
367.384	-521.793	-1922.37
186.145	410.236	-1979.11
-509.226	-412.28	-1924.95
-322.735	-466.106	-1971.19
219.628	-417.573	-1989.83
247.615	-482.964	-1959.48
284.063	372.271	-1985.6
-357.776	-421.04	-1943.7
-312.54	-389.275	-1968.83
-207.314	-369.287	-1997.13
26.6828	-507.058	-1971.12
-361.449	560.337	-1906.57
-120.269	515.572	-1965.58
66.0326	319.832	-2020.86
191.552	-385.084	-1998.36
397.352	-569.009	-1889.48
225.541	543.478	-1925.8
-402.538	-540.933	-1882.73
-110.408	-467.087	-1974.28
125.022	568.961	-1914.62
78.8597	-492.017	-1964.81
-197.623	520.817	-1943.97
-149.768	550.113	-1918.72
350.517	-517.123	-1900.72
-324.218	541.221	-1905.01
-166.12	577.097	-1903.55
241.88	434.738	-2020.32
-314.206	-512.489	-1921.79
219.954	-564.847	-1924.9
211.947	-488.557	-1932.41
-183.894	613.363	-1896.98
86.6773	579.884	-1901.06
206.926	567.386	-1891.7
102.389	-557.623	-1914.07
172.976	-526.526	-1941.1
148.365	-535.697	-1957.29
-3.52291	-489.122	-1970.94
-124.064	-496.792	-1963.79
34.4987	-461.212	-1977.26
262.696	-522.497	-1923.06
360.107	-575.742	-1871.53
171.279	-498.979	-1972.67
-10.7917	-483.404	-1941.24
-307.274	-605.82	-1853.88
215.684	619.094	-1865.07
28.1403	622.487	-1909.54
-236.699	610.286	-1883.92
-328.504	572.912	-1863.72
-235.95	552.917	-1899.32
-229.589	549.902	-1910.27
-229.589	549.902	-1910.27
-259.869	602.201	-1875.08
-236.65	619.988	-1857.4
128.036	549.901	-1935.03
66.3357	-492.514	-1982.96
229.9	-424.525	-1951.53
-51.38	595.044	-1923.6
-225.861	563.81	-1872.03
115.019	-485.087	-1928.8
143.074	-459.3	-1988.28
-170.992	-537.766	-1929.34
-322.469	-580.144	-1867.69
315.804	650.869	-1823.57
15.9277	497.471	-1934.84
-138.389	555.948	-1908.52
-191.578	537.324	-1921.85
175.466	-526.015	-1933.13
381.782	-570.042	-1879.36
258.07	-635.232	-1871.11
-180.096	666.162	-1852.16
121.438	619.031	-1887.43
389.959	551.739	-1865.25
-52.4813	-499.357	-1929
-202.632	674.552	-1846.37
272.251	496.883	-1929.75
342.401	-562.142	-1884.39
-278.959	-600.294	-1877.81
-41.5881	559.685	-1895.87
130.286	605.518	-1895.42
-49.1066	463.675	-1951.06
76.9465	617.124	-1897.17
-148.395	563.816	-1885.34
65.4177	623.579	-1870.86
344.045	-561.006	-1884.58
-278.691	-493.941	-1930.01
-272.793	629.283	-1847.18
-335.745	677.395	-1777.24
-9.7268	647.999	-1858.46
-236.301	559.569	-1856.82
196.132	617.293	-1875.91
244.66	-349.993	-1959.82
-90.4068	-629.892	-1854.31
-318.505	581.165	-1865.09
-294.332	-458.653	-1932.48
116.776	582.891	-1898.43
160.833	-481.524	-1905.8
247.46	520.632	-1925.56
-426.472	682.395	-1728.73
290.234	393.147	-1968.38
-454.23	618.793	-1787.2
-202.775	-336.525	-2005.31
-299.334	560.913	-1885.81
-208.998	216.926	-2038.47
-225.832	-348.534	-1969.16
-541.126	516.42	-1840.25
-284.313	-503.782	-1920.67
-44.9311	428.817	-1940.08
538.674	-431.669	-1848.25
259.479	575.443	-1868.08
-537.198	285.99	-1898.69
-359.363	421.85	-1868.6
505.804	-275.903	-1920.35
-164.807	407.171	-1938.58
557.118	-553.548	-1819.92
530.512	78.7203	-1935.7
432.087	-231.939	-1962.16
169.659	350.119	-1977.47
596.975	-547.704	-1781.54
462.683	93.3714	-1954.18
-177.275	-233.497	-2020.74
-631.695	211.041	-1869.83
624.409	-280.065	-1837.31
553.46	443.325	-1858.63
-542.706	315.638	-1886.59
-627.201	363.494	-1810.36
635.683	264.594	-1880.23
-380.003	239.082	-1978.84
-601.685	326.775	-1844.51
546.447	90.9183	-1912.86
260.987	264.859	-1991.85
-502.932	304.77	-1911.64
-611.791	59.3928	-1859.32
497.917	25.7579	-1937.19
479.392	500.385	-1879.13
-567.768	322.85	-1868.71
-599.494	198.682	-1857.25
547.925	-312.737	-1885.41
425.114	407.934	-1942.94
-648.046	-203.798	-1851.53
748.3	115.241	-1821.11
-508.899	-258.405	-1974.73
-627.93	-66.0951	-1933
736.02	-237.779	-1836.93
644.59	-10.061	-1925.48
-614.175	-294.856	-1918.63
508.172	95.8007	-1920.93
545.994	-312.814	-1889.03
80.4377	182.444	-2053.39
-693.582	-164.084	-1850
614.204	-340.035	-1834.69
464.894	-128.741	-1938.64
-298.72	-145.903	-1999.11
-615.767	257.631	-1850.35
507.715	-120.067	-1906.04
491.56	-280.196	-1930.41
-606.426	-295.221	-1884.19
-597.159	193.911	-1867.59
423.846	329.746	-1909.25
-500.616	207.743	-1926.59
-604.108	246.718	-1859.57
477.714	123.594	-1944.46
-410.964	-33.0005	-1969.36
593.553	-247.116	-1866.32
-348.244	335.264	-1948.57
-568.749	-131.101	-1924.94
453.204	-198.822	-1935.12
-447.826	59.2976	-1954.15
559.648	-374.397	-1860.01
566.054	-367.765	-1841.57
-486.299	11.7626	-1935.51
457.58	-188.927	-1926.5
-122.486	433.563	-1930.27
-581.392	314.348	-1876.83
514.486	280.101	-1868.71
-549.951	349.946	-1869.69
610.756	-41.2309	-1877.16
-540.596	283.354	-1917.02
680.402	-96.821	-1903.68
-566.71	64.6789	-1895.68
-621.826	359.269	-1833.61
594.547	-372.511	-1852.43
526.04	-166.467	-1909.81
-541.732	-254.136	-1869.59
-558.089	-56.6357	-1916.96
524.861	-194.168	-1892.23
-569.581	-148.274	-1883.55
-544.203	242.446	-1879.58
388.648	206.512	-1914.44
461.648	-172.958	-1911.71
508.154	369.313	-1825.79
601.742	-362.334	-1801.61
463.229	344.567	-1853.47
606.833	-276.488	-1804.55
541.353	205.118	-1838.69
-573.863	-121.026	-1823.79
566.399	-204.23	-1815.71
478.659	12.8782	-1891.69
526.889	68.8143	-1845.45
-556.305	-8.42002	-1834.95
-550.991	10.8657	-1827.08
-595.141	-106.852	-1811.1
-579.049	-163.347	-1791.94
-578.212	56.5375	-1828.16
-499.888	-54.7343	-1846.27
624.706	-75.552	-1799.43
549.01	-159.752	-1816.14
502.8	139.453	-1842.6
-587.617	67.6123	-1824.69
-503.607	190.656	-1838.52
-569.208	-195.178	-1803.39
-633.472	-60.1054	-1795.23
-531.972	234.156	-1805.29
607.054	-104.286	-1821.46
-463.753	236.311	-1846
-584.995	24.742	-1826.05
-542.302	-128.909	-1827.6
-431.518	249.089	-1873.56
-567.159	-60.2223	-1838.12
-603.816	-35.6155	-1831.57
-572.775	-227.313	-1820.38
-465.76	17.7738	-1849.54
-534.61	249.328	-1807.95
-601.357	-57.6326	-1820.99
-562.459	-116.266	-1838.92
-542.613	259.174	-1794.53
-600.811	-196.584	-1796.32
-546.534	283.727	-1788.87
-573.955	-139.233	-1819.85
-610.674	410.633	-1703.2
448.548	-75.0402	-1864.28
664.477	-129.712	-1805.65
551.748	-283.864	-1784.99
-510.554	354.769	-1785.39
-647.538	4.88957	-1816.49
-527.847	292.542	-1802.11
455.9	137.858	-1862.59
603.327	-391.631	-1719.51
620.241	-298.961	-1813.95
-401.5	122.644	-1863.14
-529.329	288.578	-1802.31
102.951	259.329	-1951.07
504.349	-445.706	-1778.21
542.642	-459.758	-1745.58
-399.937	312.686	-1859.35
-629.106	-47.8928	-1833.62
225.586	-73.7573	-1951.95
630.77	-244.452	-1832.5
547.315	-439.554	-1748.19
605.506	-260.171	-1825.19
-510.724	553.069	-1731.74
652.067	-336.522	-1795.88
442.583	-353.726	-1855.7
-494.696	306.042	-1814.69
-600.736	-51.3341	-1879.55
-606.505	-108.369	-1851.21
-564.003	-230.207	-1863.84
-552.556	-300.744	-1857.77
-546.486	-339.511	-1845.44
-551.096	-278.717	-1865.29
-551.096	-278.717	-1865.29
-539.153	-258.712	-1874.86
566.922	107.342	-1880.53
-539.153	-258.712	-1874.86
-551.096	-278.717	-1865.29
-551.096	-278.717	-1865.29
-557.835	-250.277	-1871.7
-604.14	114.412	-1858.53
632.426	-358.044	-1795.5
615.084	-282.54	-1824.44
-550.443	-279.931	-1866.86
-563.278	-231.381	-1865.51
460.8	-466.687	-1809.52
470.314	-447.952	-1793.66
361.438	425.379	-1860.52
-585.334	-156.029	-1852.4
603.872	-317.293	-1817.82
526.664	-510.478	-1738.77
-212.913	308.718	-1927.81
-508.681	-174.812	-1913.6
72.3348	266.214	-1949.18
-547.272	-301.041	-1863.27
407.748	403.842	-1853.27
-509.749	-68.7011	-1877.4
307.017	253.126	-1918.18
-429.475	-46.3373	-1915.8
-499.591	-218.108	-1831.45
-543.931	-297.881	-1864.26
-262.289	-367.141	-1905.99
-276.184	337.253	-1906.99
384.358	89.0722	-1925.8
463.591	-258.391	-1870.63
534.881	-411.836	-1761.76
517.608	307.921	-1816.08
507.92	341.1	-1827.25
48.928	267.238	-1947.64
-415.604	-372.086	-1839.46
-532.416	-341.858	-1792.58
-524.894	-335.612	-1784.47
-434.667	39.9476	-1870.04
-423.215	265.02	-1839.76
-429.354	172.22	-1854.7
-429.354	172.22	-1854.7
-393.236	125.402	-1868.15
-209.543	-98.7642	-1926.41
333.994	276.36	-1875.07
398.29	-74.4949	-1872.2
407.723	-171.706	-1855.53
-408.151	-46.8085	-1854.5
-420.431	-147.481	-1855.1
470.023	292.125	-1774.11
-425.601	-305.354	-1804.21
349.966	23.8113	-1865.52
-392.072	-224.817	-1820.37
382.833	-298.143	-1828.39
-345.557	-252.397	-1825.16
295.226	389.281	-1811.33
141.929	-357.269	-1840.67
28.1821	372.566	-1845.89
320.592	147.214	-1867.15
19.7672	360.682	-1837.1
-34.4628	-149.696	-1899.19
276.645	93.152	-1874.26
-20.4986	380.999	-1812.02
243.631	340.774	-1818.22
-325.364	-363.037	-1788.6
-249.934	335.07	-1810.5
35.5635	331.191	-1835.92
22.571	-291.832	-1849.99
208.134	-406.018	-1787.31
-35.7509	244.175	-1854.4
149.531	-330.192	-1809.22
9.03667	242.612	-1834.25
16.3801	347.85	-1796.41
178.761	-291.578	-1790.86
-124.003	389.537	-1755.75
120.267	345.679	-1769.96
-18.1948	-294.131	-1794.32
116.553	-363.431	-1777.85
114.448	-407.161	-1710.68
-22.9822	363.762	-1771.98
20.6397	425.504	-1735.32
-171.307	253.864	-1772.86
80.608	-213.105	-1776.71
43.9088	338.435	-1741.37
-61.2247	-401.736	-1707.98
-77.2052	344.434	-1734.88
156.877	-364.248	-1699.93
-2.38512	220.726	-1754.91
-46.1739	-377.091	-1696.21
184.695	222.442	-1724.25
-10.1208	-330.666	-1710.96
-224.142	-340.278	-1674.9
-30.3773	360.424	-1681.08
104.113	-321.173	-1691.89
-7.77776	350.997	-1665.33
-208.957	-163.445	-1690.24
75.6862	371.738	-1652.66
100.635	-261.388	-1679.57
54.0517	273.127	-1665.2
-140.11	-250.871	-1664.63
99.3485	347.753	-1647.97
115.724	252.269	-1657.37
53.6536	-237.036	-1655.22
196.956	291.376	-1624.94
-296.227	-244.503	-1594.98
138.021	283.954	-1612.07
239.839	358.278	-1572.37
-248.971	36.6633	-1636.47
318.487	218.252	-1581.6
-53.0101	203.989	-1621.39
220.512	337.725	-1553.45
173.526	296.783	-1573.68
49.6864	321.537	-1583.68
35.9568	326.091	-1582.07
162.604	355.451	-1554.09
257.883	335.933	-1524.49
219.626	329.384	-1529.4
394.315	424.158	-1448.56
-264.195	-333.832	-1527.88
330.287	318.542	-1495.95
48.0028	236.651	-1580.2
274.483	-368.704	-1494.98
-269.267	-113.441	-1546.44
-295.688	-339.259	-1491.41
165	285.477	-1529.11
-17.4409	305.705	-1522.45
6.78261	191.094	-1563.6
-174.139	-282.788	-1520.52
-50.8743	326.69	-1505.59
235.722	288.587	-1497.07
-221.57	335.375	-1479.48
190.592	281.654	-1505.74
-154.697	-326.175	-1476.68
234.879	-351.169	-1463.87
86.834	267.635	-1516.65
259.355	368.043	-1424.37
165.022	358.368	-1452.35
-74.5246	353.647	-1469.58
33.1603	296.976	-1483.33
20.5331	323.335	-1472
103.861	-329.891	-1467.08
38.5324	-296.946	-1490.03
45.0847	238.157	-1492.98
22.6124	-318.335	-1465.79
-123.884	-306.226	-1462.86
21.8655	285.948	-1469.93
-90.3762	-306.202	-1466.68
-26.2982	-309.391	-1462.44
-163.271	-325.855	-1432.46
4.34957	-336.068	-1444.73
154.613	339.543	-1428.21
59.4977	340.717	-1440.75
-197.676	-338.089	-1407.49
56.7304	337.534	-1415.4
102.433	355.747	-1419.56
-138.419	-355.92	-1401.08
14.2801	389.182	-1390.76
5.49799	-373.606	-1400.95
6.29545	399.107	-1378.45
24.9382	-369.539	-1392.87
30.9867	426.3	-1367.42
69.7435	319.298	-1401.86
72.7367	359.405	-1374.37
58.254	364.848	-1369.05
56.9667	377.899	-1364.6
78.147	361.451	-1358.27
92.7341	368.355	-1360.26
-94.1221	-369.805	-1332.47
123.731	371.987	-1327.19
85.519	350.928	-1331.23
92.3529	358.318	-1324.76
68.6909	345.283	-1326.8
70.3292	346.238	-1319.31
100.396	365.951	-1304.3
58.2838	337.663	-1313.99
122.725	385.79	-1283.21
40.3162	361.879	-1304.01
77.425	340.918	-1301.5
89.3195	362.64	-1281.21
71.4806	365.581	-1279.65
106.915	361.246	-1270.55
72.0987	350.493	-1273.8
47.7656	338.549	-1277.65
78.3642	343.877	-1267.82
144.911	361.043	-1250.57
116.514	355.589	-1248.15
-22.7154	329.728	-1258.61
120.086	325.07	-1245.98
102.83	354.33	-1238.2
73.9908	355.329	-1240.96
80.5092	344	-1234.9
89.2939	345.029	-1234.6
-109.459	-334.262	-1225.76
78.6199	322.156	-1231.35
125.956	345.175	-1214.5
136.259	337.191	-1210.94
70.6357	329.574	-1218.8
106.619	318.331	-1206.28
76.5962	302.084	-1220.1
93.6681	326.589	-1204.39
101.053	335.834	-1201.38
118.509	313.78	-1199.53
120.304	326.124	-1188.69
130	335.066	-1184.84
111.313	343.063	-1173.99
107.509	346.679	-1171.81
114.907	343.201	-1164.88
111.728	325.819	-1173.3
91.9183	334.674	-1172.82
114.673	347.165	-1160.44
126.057	334.202	-1157.22
130.479	337.777	-1150.3
134.466	348.823	-1143.75
131.748	332.449	-1152.78
132.598	344.466	-1142.69
110.851	325.096	-1149.86
144.185	359.268	-1133.33
106.861	342.489	-1138.04
93.0198	328.259	-1146.59
90.2631	325.925	-1145.43
104.162	336.426	-1134.71
91.4949	349.863	-1127.73
68.362	351.803	-1125.98
75.6764	320.587	-1131.24
91.8096	330.612	-1122.44
115.509	348.314	-1102.13
118.135	344.769	-1100.99
111.762	319.983	-1112.87
114.759	340.19	-1100.08
117.771	340.361	-1091.27
94.6085	308.595	-1102.61
98.9475	315.888	-1100.38
101.738	323.654	-1091.12
93.944	327.719	-1089.28
-77.7218	-278.149	-1077.86
35.8296	313.883	-1086.17
72.822	327.055	-1074.67
75.7311	319.267	-1050.13
74.287	327.311	-1066.41
50.9163	328.793	-1062.37
78.4845	325.104	-1057.17
63.4032	313.897	-1050.66
55.3586	313.661	-1054.82
77.7307	312.214	-1041.57
82.3382	321.882	-1037.23
71.3651	312.532	-1031.88
55.7109	283.039	-1027.8
55.7109	283.039	-1027.8
54.4975	292.583	-1023.4
52.6671	314.778	-1029.45
52.1229	307.811	-1021.2
63.4515	308.202	-1015.67
63.1945	305.765	-1009.99
58.2147	300.302	-1010.86
57.5812	293.343	-1010.5
46.5632	297.248	-1005.97
53.9218	300.126	-1001.61
73.5237	300.674	-997.242
60.7282	305.904	-993.633
68.2533	305.465	-990.157
53.7978	306.716	-989.241
66.1328	305.557	-986.594
86.0929	301.967	-982.396
89.3155	308.143	-975.232
89.3155	308.143	-975.232
87.5303	308.189	-963.574
73.4709	307.787	-973.284
89.603	320.021	-961.04
89.603	320.021	-961.04
89.603	320.021	-961.04
68.7831	313.488	-955.383
68.7831	313.488	-955.383
68.7831	313.488	-955.383
70.7892	306.313	-939.022
52.015	308.115	-944.109
61.5647	318.944	-933.317
61.5647	318.944	-933.317
63.956	314.866	-919.017
43.8287	305.724	-928.827
77.5875	315.376	-914.291
71.8132	308.783	-902.764
100.122	305.162	-892.091
84.3871	321.293	-887.162
83.3533	320.831	-884.342
33.5891	303.801	-902.758
79.8246	310.824	-889.886
79.8246	310.824	-889.886
78.5511	318.807	-872.085
78.5511	318.807	-872.085
66.4805	309.248	-869.75
24.9954	298.339	-863.948
61.598	306.915	-858.464
61.598	306.915	-858.464
61.598	306.915	-858.464
18.248	312.58	-838.9
5.88482	298.629	-832.654
5.88482	298.629	-832.654
5.88482	298.629	-832.654
13.6932	296.779	-815.948
13.6932	296.779	-815.948
13.6932	296.779	-815.948
-10.3721	302.839	-806.122
12.0561	297.326	-789.989
12.0561	297.326	-789.989
12.0561	297.326	-789.989
-22.6465	286.191	-771.175
-7.29978	305.519	-782.512
-18.4141	311.643	-780.547
-18.4141	311.643	-780.547
-18.4141	311.643	-780.547
-30.3173	297.088	-761.046
-22.8592	296.195	-745.822
-22.8592	296.195	-745.822
-29.755	299.426	-736.22
-29.755	299.426	-736.22
-29.755	299.426	-736.22
-38.1695	291.41	-706.351
-42.5439	292.262	-726.673
-57.7631	286.587	-715.231
-57.7631	286.587	-715.231
-57.7631	286.587	-715.231
-57.5056	260.072	-718.734
-33.0118	268.409	-733.66
-33.0118	268.409	-733.66
-33.1005	261.955	-743.382
-31.6132	257.25	-750.291
-31.6132	257.25	-750.291
-35.8201	235.735	-748.836
-26.903	235.007	-757.314
-26.903	235.007	-757.314
-29.9096	219.152	-754.957
-5.18448	230.641	-762.428
-20.7445	217.255	-751.809
17.2719	220.625	-765.932
-3.0173	225.531	-782.964
-3.0173	225.531	-782.964
27.9717	207.004	-777.903
22.1523	211.353	-789.185
22.1523	211.353	-789.185
43.625	176.154	-782.303
71.7158	188.715	-772.961
71.7158	188.715	-772.961
71.7158	188.715	-772.961
107.903	189.627	-769.938
107.903	189.627	-769.938
94.0904	210.34	-777.997
127.294	180.426	-759.917
88.581	201.851	-777.478
88.581	201.851	-777.478
88.581	201.851	-777.478
113.058	209.578	-771.497
113.058	209.578	-771.497
113.058	209.578	-771.497
108.23	180.391	-769.467
91.3713	195.832	-783.003
110.297	152.123	-759.414
109.004	186.953	-775.82
109.004	186.953	-775.82
113.249	156.001	-764.943
115.1	135.034	-759.519
115.1	135.034	-759.519
129.634	123.981	-753.382
91.6445	135.452	-782.766
94.3225	118.649	-782.317
94.3225	118.649	-782.317
94.3225	118.649	-782.317
110.262	90.4576	-759.59
143.464	103.63	-729.258
143.464	103.63	-729.258
128.842	75.4733	-756.473
114.186	65.794	-767.229
114.186	65.794	-767.229
114.186	65.794	-767.229
140.312	36.3062	-750.69
114.148	26.4289	-754.278
-151.994	-10.5104	-712.69
85.0174	31.6862	-753.415
85.0174	31.6862	-753.415
115.761	13.8458	-743.741
-128.652	30.6356	-735.223
-128.652	30.6356	-735.223
-128.652	30.6356	-735.223
-161.861	14.1924	-691.334
-160.03	23.9869	-686.763
-173.833	28.7338	-682.831
-173.833	28.7338	-682.831
-173.833	28.7338	-682.831
-172.072	43.1264	-702.05
195.227	-19.9769	-676.432
195.227	-19.9769	-676.432
170.415	-5.61795	-696.728
170.415	-5.61795	-696.728
170.415	-5.61795	-696.728
-176.213	16.2117	-693.517
185.698	4.66769	-658.796
187.716	-0.134294	-685.036
198.137	3.89012	-680.888
199.935	1.19699	-665.105
199.144	4.8861	-676.795
197.433	8.61506	-675.635
197.433	8.61506	-675.635
207.522	31.1448	-641.225
204.963	14.7858	-667.401
206.849	43.9986	-642.583
207.649	23.1624	-666.959
211.367	25.8725	-662.209
204.958	25.4674	-667.3
188.977	13.102	-673.513
197.813	21.0111	-669.04
199.183	18.0047	-671.231
196.761	21.7795	-671.934
195.328	6.94038	-675.553
186.023	23.2347	-679.487
177.74	3.98304	-682.925
160.57	20.1012	-693.962
153.996	-1.85543	-698.653
164.065	11.0174	-678.909
164.065	11.0174	-678.909
164.065	11.0174	-678.909
124.54	4.66354	-713.749
130.663	3.01739	-712.426
130.663	3.01739	-712.426
143.792	17.8141	-701.524
144.993	32.825	-704.764
128.747	32.0043	-717.72
109.063	20.0657	-724.318
140.573	24.6737	-716.888
140.573	24.6737	-716.888
104.558	10.7375	-728.285
148.418	32.8115	-716.394
146.772	22.179	-717.157
144.369	23.5921	-717.288
133.862	22.8159	-720.311
129.58	10.5986	-721.502
164.392	-3.55688	-683.403
162.94	-0.351547	-682.741
146.902	20.0403	-714.868
135.775	10.2814	-715.887
150.527	9.76766	-711.132
157.048	9.33923	-708.328
166.035	7.59144	-703.623
166.035	7.59144	-703.623
161.81	-3.55804	-698.846
192.426	4.86593	-676.313
186.146	-16.0496	-690.782
176.867	-15.5896	-693.329
181.513	-12.3838	-689.079
182.613	-5.84367	-688.201
190.472	-2.15159	-683.937
191.214	-2.58319	-678.395
194.198	-23.7763	-680.504
196.302	-15.1449	-676.809
199.086	-9.58322	-675.306
197.288	-6.58788	-675.329
196.828	-3.67644	-675.209
192.883	-14.4931	-675.92
192.883	-14.4931	-675.92
192.883	-14.4931	-675.92
216.876	-9.35702	-654.446
221.228	-8.62747	-650.894
216.135	-10.2778	-652.829
208.057	-18.1388	-656.361
192.688	-24.7388	-663.39
211.449	-5.82684	-650.434
232.026	-42.1456	-638.548
221.762	-25.9731	-645.643
206.7	-28.68	-651.75
227.903	-7.26718	-645.063
208.419	-22.9245	-652.941
214.614	-41.595	-653.351
214.447	-6.35023	-649.76
236.806	-29.0532	-642.789
226.215	-14.2202	-647.737
217.82	-13.4622	-652.834
206.565	-2.84941	-659.984
203.732	-0.55183	-662.78
210.545	-0.0954447	-661.916
212.872	-1.43599	-663.853
208.929	-45.5825	-659.309
209.482	-7.93562	-661.853
202.795	-17.9049	-669.105
186.138	-66.3292	-672.207
182.109	-37.126	-678.455
193.406	-30.0181	-677.189
192.252	-55.3016	-672.549
160.618	-29.6606	-688.791
160.63	-25.3423	-692.156
202.624	-20.6932	-677.275
182.455	-53.5527	-687.3
173.058	-72.188	-686.599
165.701	-63.3379	-691.159
133.766	-64.086	-703.294
113.433	-45.9107	-711.299
158.815	-15.5187	-702.352
145.227	-11.2065	-708.215
140.662	-28.6409	-708.097
167.947	-37.7721	-696.884
145.731	-37.3566	-705.963
150.533	-49.9929	-702.557
150.533	-49.9929	-702.557
157.295	-64.4923	-700.832
151.165	-46.7345	-703.413
155.391	-62.2869	-701.118
141.535	-45.6962	-706.118
154.546	-65.5043	-701.047
150.788	-49.1772	-703.563
135.641	-31.0441	-709.168
151.612	-49.3751	-702.498
139.014	-32.5838	-707.895
130.948	-72.5001	-702.743
140.826	-78.6475	-698.701
146.002	-83.271	-696.942
138.856	-84.9839	-698.503
141.562	-51.7762	-703.591
149.908	-52.1278	-702.116
145.979	-59.7202	-702.355
148.57	-32.4297	-705.78
150.543	-65.8233	-701.128
122.496	-25.9215	-714.56
152.242	-67.3333	-701.169
129.557	-68.4298	-709.543
153.827	-22.0441	-707.898
152.177	-14.9432	-709.61
134.114	-68.7692	-711.042
168.998	-11.7326	-705.141
156.89	-28.9914	-710.621
148.145	-91.4693	-702.984
154.641	-12.8552	-712.722
135.709	-85.6491	-711.981
150.031	-10.2925	-717.05
168.743	-47.3173	-707.94
138.211	-42.5758	-717.5
160.148	-32.7904	-715.943
152.137	-35.264	-717.734
144.162	-37.2806	-719.85
162.396	30.9114	-717.395
159.064	-48.5265	-717.867
151.402	-64.6201	-717.291
146.862	-71.7114	-718.178
135.651	-73.7757	-721.807
147.202	5.18309	-728.47
147.202	5.18309	-728.47
147.202	5.18309	-728.47
150.267	-72.3598	-726.777
138.437	-65.1043	-731.928
139.052	-41.8317	-734.942
131.644	0.516237	-730.75
131.644	0.516237	-730.75
103.213	-12.7674	-746.064
83.4629	-0.523818	-750.15
83.4629	-0.523818	-750.15
138.883	-21.316	-744.11
61.1081	-32.8185	-756.127
126.394	-50.7163	-743.707
115.749	-48.5583	-746.64
114.994	-63.5057	-747.925
94.7018	-60.2467	-751.975
112.123	-62.5781	-750.585
124.88	-74.5398	-747.714
125.617	-66.385	-750.905
116.648	-88.2491	-748.292
134.378	-59.9863	-729.707
133.449	-62.0965	-735.946
137.343	-91.2295	-748.519
120.351	-77.0653	-756.336
103.839	-79.849	-760.242
133.54	-79.2771	-754.685
133.54	-79.2771	-754.685
133.54	-79.2771	-754.685
121.107	-87.541	-746.112
121.107	-87.541	-746.112
116.348	-89.2813	-744.177
102.315	-77.7949	-768.835
105.246	-57.518	-772.193
131.68	-47.9358	-768.516
118.239	-137.86	-739.976
127.881	-143.545	-736.04
127.881	-143.545	-736.04
134.849	-133.227	-752.436
131.621	-141.399	-754.064
128.309	-133.784	-757.702
125.669	-133.873	-760.27
125.669	-133.873	-760.27
139.414	-120.124	-727.574
139.414	-120.124	-727.574
139.414	-120.124	-727.574
117.064	-170.191	-751.298
138.459	-147.363	-762.434
122.539	-120.841	-762.096
139.131	-153.574	-767.396
77.5838	0.380726	-805.309
145.077	-139.73	-744.089
117.298	-126.222	-771.586
111.873	-162.613	-755.355
111.873	-162.613	-755.355
141.172	-97.3422	-760.394
143.467	-140.258	-747.245
143.467	-140.258	-747.245
143.467	-140.258	-747.245
107.412	-158.973	-783.514
107.412	-158.973	-783.514
121.739	-121.546	-762.132
121.739	-121.546	-762.132
124.43	-195.576	-765.502
67.0748	-25.6116	-789.66
101.685	-138.895	-794
101.685	-138.895	-794
131.156	-158.346	-773.083
118.85	-156.159	-784.635
114.857	-164.453	-773.624
97.4572	-61.6435	-776.634
97.4572	-61.6435	-776.634
98.24	-115.45	-784.543
98.24	-115.45	-784.543
76.7768	-26.5651	-789.656
76.7768	-26.5651	-789.656
76.7768	-26.5651	-789.656
97.6569	-130.992	-788.221
97.6569	-130.992	-788.221
97.6569	-130.992	-788.221
84.9371	-102.733	-794.365
113.457	-91.0157	-785.142
97.1161	-108.95	-789.909
97.1161	-108.95	-789.909
97.1161	-108.95	-789.909
127.994	-81.2739	-779.654
127.994	-81.2739	-779.654
127.994	-81.2739	-779.654
142.101	-89.3425	-784.621
134.451	-99.27	-778.493
134.451	-99.27	-778.493
134.451	-99.27	-778.493
124.767	-96.7959	-783.023
124.767	-96.7959	-783.023
135.464	-95.5117	-793.396
143.94	-106.613	-767.1
143.94	-106.613	-767.1
131.709	-62.5408	-792.257
152.781	-115.606	-775.227
152.781	-115.606	-775.227
152.781	-115.606	-775.227
155.443	-88.9489	-775.48
144.233	-106.433	-783.202
144.233	-106.433	-783.202
144.945	-99.2364	-780.666
169.336	-102.456	-769.53
176.967	-103.52	-758.259
176.967	-103.52	-758.259
175.674	-130.289	-742.94
175.674	-130.289	-742.94
175.674	-130.289	-742.94
169.514	-83.9571	-765.845
194.738	-126.765	-758.318
213.167	-137.157	-732.661
213.167	-137.157	-732.661
213.167	-137.157	-732.661
191.09	-137.199	-745.428
193.018	-116.409	-768.75
193.018	-116.409	-768.75
193.018	-116.409	-768.75
199.048	-99.8868	-757.213
199.048	-99.8868	-757.213
199.048	-99.8868	-757.213
221.207	-90.6003	-746.619
218.049	-125.151	-751.705
218.049	-125.151	-751.705
219.995	-130.206	-750.77
226.673	-122.284	-730.375
226.673	-122.284	-730.375
226.841	-98.966	-745.536
226.841	-98.966	-745.536
226.841	-98.966	-745.536
232.149	-114.207	-747.924
232.149	-114.207	-747.924
209.228	-84.7444	-771.855
223.828	-110.067	-746.901
223.828	-110.067	-746.901
223.828	-110.067	-746.901
211.132	-96.262	-774.426
211.132	-96.262	-774.426
223.93	-112.805	-744.387
225.401	-114.532	-748.376
218.71	-101.089	-738.425
221.185	-100.909	-751.703
221.185	-100.909	-751.703
221.185	-100.909	-751.703
233.248	-93.1999	-750.17
233.248	-93.1999	-750.17
233.248	-93.1999	-750.17
178.639	-88.5039	-785.755
200.444	-93.2943	-762.425
200.444	-93.2943	-762.425
200.444	-93.2943	-762.425
209.973	-132.549	-759.444
193.196	-114.047	-772.359
201.038	-99.7625	-770.778
201.038	-99.7625	-770.778
201.038	-99.7625	-770.778
205.938	-88.4823	-778.629
215.877	-114.497	-774.14
215.877	-114.497	-774.14
215.824	-137.039	-759.254
208.583	-112.314	-760.271
189.884	-82.0329	-754.561
189.884	-82.0329	-754.561
189.884	-82.0329	-754.561
213.495	-122.134	-766.073
207.962	-76.0366	-745.928
207.962	-76.0366	-745.928
207.962	-76.0366	-745.928
214.846	-109.864	-754.221
221.136	-93.8292	-736.608
209.444	-116.076	-766.444
210.373	-105.703	-772.197
216.475	-91.9424	-773.036
200.446	-105.765	-757.194
200.446	-105.765	-757.194
233.061	-120.058	-748.613
214.799	-144.301	-761.972
214.799	-144.301	-761.972
214.799	-144.301	-761.972
211.557	-136.596	-756.195
204.501	-104.22	-776.223
204.302	-113.931	-761.966
214.176	-116.469	-772.533
215.532	-130.449	-757.069
215.532	-130.449	-757.069
215.532	-130.449	-757.069
216.985	-165.444	-752.217
216.985	-165.444	-752.217
216.985	-165.444	-752.217
188.089	-113.441	-788.924
188.089	-113.441	-788.924
188.089	-113.441	-788.924
164.449	-141.992	-792.4
189.8	-177.028	-765.696
187.836	-161.484	-787.092
187.836	-161.484	-787.092
187.836	-161.484	-787.092
191.377	-141.299	-782.562
189.795	-183.261	-777.001
189.795	-183.261	-777.001
189.795	-183.261	-777.001
140.898	-131.726	-816.624
175.764	-142.441	-778.17
175.764	-142.441	-778.17
175.764	-142.441	-778.17
174.767	-140.354	-786.579
174.767	-140.354	-786.579
174.767	-140.354	-786.579
142.772	-151.279	-809.889
173.228	-198.248	-785.563
173.228	-198.248	-785.563
173.228	-198.248	-785.563
208.518	-208.13	-752.555
168.572	-204.118	-782.966
168.572	-204.118	-782.966
185.038	-169.244	-783.463
185.038	-169.244	-783.463
185.038	-169.244	-783.463
146.599	-209.142	-796.295
184.524	-174.036	-781.887
184.524	-174.036	-781.887
166.864	-203.88	-783.051
120.75	-143.741	-828.373
120.75	-143.741	-828.373
92.2292	-146.713	-820.434
92.2292	-146.713	-820.434
114.15	-128.63	-823.361
174.939	-188.094	-782.7
174.939	-188.094	-782.7
117.523	-137.929	-840.57
136.956	-193.397	-790.198
193.426	-197.932	-759.162
161.051	-184.058	-786.468
151.708	-205.246	-767.224
151.708	-205.246	-767.224
151.708	-205.246	-767.224
168.79	-218.24	-788.735
179.295	-180.55	-780.533
158.885	-181.348	-780.492
158.885	-181.348	-780.492
158.885	-181.348	-780.492
200.651	-186.933	-767.201
168.606	-184.771	-775.57
168.606	-184.771	-775.57
196.052	-176.525	-772.077
203.695	-225.432	-746.157
203.695	-225.432	-746.157
167.026	-193.726	-784.233
167.026	-193.726	-784.233
167.026	-193.726	-784.233
165.111	-220.79	-777.454
-130.942	218.974	-823.424
-130.942	218.974	-823.424
-130.942	218.974	-823.424
210.965	-224.986	-803.479
193.398	-240.648	-803.6
193.398	-240.648	-803.6
193.398	-240.648	-803.6
187.287	-251.264	-803.544
231.121	-245.843	-799.784
231.121	-245.843	-799.784
180.89	-247.8	-812.242
180.89	-247.8	-812.242
210.527	-255.257	-805.032
188.491	-253.794	-819.366
180.458	-218.162	-839.361
197.478	-239.714	-801.932
217.564	-243.205	-822.6
217.564	-243.205	-822.6
199.923	-283.403	-798.829
199.923	-283.403	-798.829
199.923	-283.403	-798.829
222.275	-250.148	-829.114
190.224	-238.095	-854.481
190.224	-238.095	-854.481
190.224	-238.095	-854.481
177.616	-244.883	-858.908
203.677	-238.991	-875.863
193.632	-271.276	-853.921
193.632	-271.276	-853.921
184.843	-259.28	-868.003
198.399	-254.49	-869.826
195.803	-242.164	-877.262
-154.827	270.46	-875.943
-154.827	270.46	-875.943
221.855	-262.328	-858.385
226.343	-268.421	-866.402
200.45	-276.126	-836.533
200.45	-276.126	-836.533
193.499	-256.828	-878.638
-140.247	266.333	-904.222
-175.374	282.548	-890.672
-126.863	266.506	-915.971
-126.863	266.506	-915.971
-126.863	266.506	-915.971
197.084	-257.523	-899.964
197.084	-257.523	-899.964
188.193	-297.659	-890.55
188.193	-297.659	-890.55
188.193	-297.659	-890.55
174.732	-304.419	-896.103
195.582	-293.173	-886.727
215.13	-298.636	-911.798
183.347	-321.549	-884.852
153.72	-304.114	-887.226
150.14	-291.29	-941.828
-111.831	256.727	-981.848
191.709	-319.847	-928.888
191.709	-319.847	-928.888
157.35	-324.592	-911.213
148.407	-316.65	-956.071
148.407	-316.65	-956.071
148.407	-316.65	-956.071
169.563	-316.657	-934.531
129.293	-322.482	-901.686
173.825	-310.757	-962.157
173.825	-310.757	-962.157
162.582	-311.089	-954.956
162.582	-311.089	-954.956
178.593	-333.011	-941.558
178.593	-333.011	-941.558
178.593	-333.011	-941.558
143.45	-348.288	-949.003
196.599	-317.088	-973.878
189.862	-323	-984.74
166.721	-317.328	-950.863
179.955	-327.958	-985.562
115.988	-360.051	-976.014
174	-317.642	-999.335
165.637	-347.284	-988.689
166.956	-321.969	-1005.41
177.938	-342.869	-973.401
213.102	-365.654	-959.617
171.181	-272.386	-1039.58
163.525	-284.537	-1031.64
167.295	-312.695	-1020.93
-126.901	315.94	-1011.8
198.178	-364.39	-970.781
159.985	-355.001	-1000.68
197.414	-347.193	-997.204
226.149	-329.512	-1008.86
150.773	-360.72	-1003.28
215.527	-359.751	-985.483
211.576	-328.143	-1019.56
143.001	-292.161	-1053.28
145.3	-315.886	-1046.11
177.651	-339.222	-1032
189.401	-350.704	-1024.95
-164.151	354.153	-1032.8
187.847	-347.449	-1037.73
-119.915	284.717	-1083.87
163.039	-343.963	-1038.75
-142.017	328.79	-1061.47
193.177	-375.739	-1016.46
180.492	-313.892	-1074.77
184.133	-389.885	-1017.81
123.005	-303.226	-1085.01
213.086	-380.541	-1026.64
-151.861	386.49	-1041.72
122.534	-342.408	-1078.57
208.834	-380.265	-1044.2
164.173	-379.013	-1054.54
164.087	-400.291	-1043.75
140.876	-349.949	-1092.26
198.173	-382.717	-1062.86
186.505	-390.836	-1065.64
204.356	-413.362	-1038.17
159.204	-421.572	-1050.63
132.959	-411.893	-1070.39
221.899	-417.442	-1064.96
105.459	-400.093	-1097.76
194.974	-407.66	-1078.73
94.6149	-375.573	-1128.51
190.191	-419.548	-1077.2
197.905	-408.156	-1101.92
140.857	-432.964	-1088.56
149.94	-436.544	-1089.21
170.456	-414.051	-1114.47
83.0182	-443.816	-1099.67
158.429	-429.166	-1109.98
128.106	-465.188	-1083.49
150.442	-465.52	-1098.19
165.936	-412.36	-1137.82
134.515	-456.534	-1101.67
141.372	-399.161	-1147.32
162.619	-462.992	-1087.91
161.477	-437.367	-1130.51
115.732	-469.588	-1124.54
136.339	-462.423	-1099.63
171.935	-420.899	-1150.89
211.197	-439.508	-1127.97
157.425	-435.8	-1146.19
144.162	-458.116	-1132.35
92.9873	-475.892	-1135.51
161.285	-454.26	-1139.43
130.01	-469.319	-1147.45
120.42	-414.905	-1195.61
181.069	-461.459	-1151.48
247.836	-487.178	-1113.23
156.564	-482.917	-1127.95
96.8508	-440.427	-1184.02
202.506	-450.621	-1177.54
200.193	-447.126	-1180.54
134.03	-466.796	-1173.73
202.051	-474.034	-1168.38
122.198	-451.768	-1211.42
167.251	-484.713	-1174.02
132.069	-447.844	-1200.41
130.877	-458.798	-1219.38
81.4806	-383.916	-1264.48
257.505	-479.714	-1169.75
156.222	-489.863	-1175.62
160.876	-474.591	-1199.03
109.884	-462.322	-1231.33
106.322	-461.207	-1245.51
143.257	-463.938	-1244.96
150.418	-451.321	-1253.85
212.554	-495.479	-1217.97
99.6367	-473.255	-1237.43
97.0122	-432.185	-1296.9
164.675	-514.311	-1217.15
140.104	-511.728	-1224.4
37.755	-481.85	-1284.83
97.3903	-418.565	-1326.42
153.768	-522.195	-1236.24
90.3365	-501.759	-1264.12
145.023	-482.371	-1294.83
121.395	-500.774	-1291.13
170.574	-502.95	-1281.29
74.286	-480.766	-1294.02
145.628	-482.037	-1294.37
8.17527	-472.844	-1344.76
80.7866	-461.058	-1358.85
300.222	-552.884	-1241.85
193.1	-543.476	-1253
206.864	-462.164	-1311.49
89.2762	-432.834	-1367.56
-3.04349	-406.726	-1396.44
240.248	-510.529	-1315.16
151.722	-542.583	-1298.57
146.36	-517.115	-1325.11
-126.39	454.836	-1369.99
182.562	-443.509	-1392.13
65.1692	-553.986	-1320.03
176.754	-512.927	-1329.11
226.304	-535.093	-1311.19
155.455	-487.272	-1391.79
160.4	-457.993	-1405.6
60.5429	443.097	-1409.32
122.011	-570.452	-1312.27
171.732	-552.557	-1314.08
137.448	-549.885	-1336.47
187.938	-547.966	-1317.56
62.6672	-585.915	-1330.34
276.4	-505.163	-1371.88
8.46477	-459.691	-1439.77
228.838	-520.678	-1376.32
-107.334	-511.799	-1395.84
152.91	-548.366	-1374.29
-19.6848	-534.99	-1374.23
321.978	-550.62	-1340.7
-1.06489	-431.171	-1453.5
79.1214	-574.613	-1379.77
-43.5166	-527.785	-1397.5
252.516	-536.295	-1376.13
-208.865	547.38	-1379.48
26.1073	-485.9	-1428.43
185.774	-555.033	-1380.61
134.317	-510.808	-1448.55
-173.402	553.29	-1388.89
-168.274	527.581	-1404.26
1.42845	-461.284	-1438.11
289.165	-517.817	-1384.68
215.265	-542.637	-1387.64
210.855	-517.447	-1428.72
181.731	-496.378	-1443.15
120.728	-476.404	-1429.33
190.515	-507.163	-1410.67
64.9991	-431.921	-1455.38
94.2029	-433.865	-1454.03
38.0935	-521.78	-1439.63
147.707	-587.399	-1412.99
133.743	-596.318	-1404.76
133.743	-596.318	-1404.76
249.724	-564.832	-1381.73
122.448	-595.203	-1405.11
-30.6867	556.947	-1443.33
34.2904	-539.914	-1458.77
245.171	-611.882	-1391.43
177.595	-535.803	-1456.45
-1.49361	-462.705	-1515.9
261.944	-607.078	-1396.35
219.956	-514.056	-1466.63
-1.29445	-463.143	-1515.72
201.442	-495.636	-1484.82
284.974	-517.411	-1446.03
-1.00946	-463.596	-1515.57
161.544	-669.569	-1421.96
122.053	-643.806	-1457.54
40.9998	-497.687	-1503.62
326.24	-484.277	-1464.1
194.664	-476.721	-1502.87
38.7472	-463.774	-1517.41
-0.223122	-464.14	-1515.4
-220.041	542.789	-1481.19
-33.2711	601.738	-1500.47
-42.364	611.234	-1491.56
-33.281	601.742	-1500.47
-19.0092	630.056	-1471.59
122.214	-644.113	-1457.47
136.061	-584.72	-1516.07
-33.0213	601.735	-1500.52
192.91	-587.071	-1507.13
-0.857604	-499.691	-1583.31
181.098	-580.764	-1514.38
41.0363	-520.682	-1569.99
287.697	-694.588	-1427.21
89.1278	-513.711	-1567.09
192.583	-582.606	-1510.15
-1.95164	-499.015	-1583.75
181.743	-575.562	-1519.22
327.673	-686.746	-1432.99
82.6803	-546.216	-1550.66
216.537	-572.936	-1516.41
-2.71133	-498.236	-1584.52
202.632	-606.498	-1487.14
-2.97621	-497.656	-1584.89
204.212	-497.451	-1580.69
81.4515	-625.008	-1509.91
-3.02398	-497.14	-1585.28
181.343	-498.783	-1582.05
212.293	-584.547	-1505.61
78.1209	-493.968	-1586.64
-1.51502	-702.228	-1505.71
-273.224	553.289	-1516.85
-10.0486	-582.07	-1542.94
84.1323	-495.547	-1588.91
137.696	-687.262	-1524.13
222.868	-563.083	-1526.06
-37.2981	381.324	-1654.84
-5.88248	578.437	-1562.9
178.704	649.555	-1506.66
-46.1416	-593.608	-1555.93
163.415	-509.454	-1582.89
182.994	-497.524	-1583.17
62.8847	-503.778	-1592.14
-61.7604	-479.48	-1578.36
10.3613	-560.048	-1591.57
200.592	-581.009	-1570.53
147.192	-571.273	-1581.98
53.8505	-562.947	-1584.99
34.9381	-538.895	-1598.36
-41.909	547.873	-1612.51
51.0275	-552.766	-1614.28
45.1803	-609.975	-1570.59
34.7969	571.933	-1609.41
74.9647	-583.781	-1603.32
68.8394	-634.257	-1559.34
48.4715	-613.432	-1576.2
88.8704	562.899	-1610.66
230.534	433.247	-1654.96
232.91	-405.726	-1632.76
248.227	-478.894	-1587.1
323.373	-640.262	-1484.35
85.5746	-495.696	-1587.9
183.334	-498.003	-1581.69
213.955	-650.444	-1500.54
-2.89216	497.279	-1584.89
44.6943	-494.795	-1588.17
74.9057	-671.095	-1520.55
22.4049	-591.334	-1570.72
250.121	-496.817	-1574.79
248.912	-478.908	-1587.23
43.3624	-470.346	-1634.81
20.6993	-533.605	-1632.88
165.688	-435.566	-1644.32
-275.521	424.832	-1612.65
-63.3639	466.294	-1638.99
250.84	420.387	-1653.54
210.054	-368.014	-1654.73
255.307	-454.143	-1602.47
46.9761	-574.772	-1581.04
245.142	-436.596	-1612.93
-4.32727	426.634	-1630.08
71.0979	-371.114	-1660.93
-3.55418	538.504	-1659.04
-112.995	-239.889	-1709.16
-30.1664	65.5716	-1741
-30.1664	65.5716	-1741
-166.44	-323.303	-1677.93
166.011	-525.218	-1610.54
-31.3463	425.627	-1637.38
250.191	-435.213	-1615.3
-32.906	71.4251	-1741.07
-173.542	-384.39	-1650.77
368.204	-622.268	-1493.15
-131.287	-387.49	-1652.36
-40.4062	74.7292	-1741.47
-146.359	-402.589	-1644.2
311.785	-430.042	-1633.74
-109.124	-611.244	-1598.14
263.55	-456.39	-1601.79
-47.5219	78.5718	-1741.91
-213.817	-393.421	-1644.18
200.243	-487.417	-1589.86
264.252	-456.645	-1602.23
240.569	-405.434	-1635.08
107.239	-220.809	-1717.99
216.771	-367.878	-1657.09
240.867	-405.789	-1635.25
347.196	-541.285	-1555.11
81.8862	-363.982	-1683.79
-47.0989	93.9549	-1741.82
173.756	-171.86	-1722.35
332.277	345.395	-1699.5
-196.831	-375.824	-1656.05
-44.2152	98.5876	-1741.59
-11.4225	399.486	-1746.89
120.309	-351.537	-1687.72
-40.8011	103.609	-1741.38
-40.7513	103.639	-1741.38
131.158	-346.347	-1725.08
122.114	-494.049	-1704.91
284.433	-495.636	-1676.94
272.216	-520.822	-1662.02
281.013	-509.965	-1668.03
284.433	-495.636	-1676.94
388.371	-445.596	-1662.09
453.18	22.1619	-1706.57
-369.166	-18.5178	-1711.77
302.149	177.712	-1711.83
343.463	-294.149	-1677.58
455.271	413.441	-1628.33
-8.03789	542.356	-1661.15
-9.63129	-310.778	-1792.33
-8.66647	542.102	-1661.66
140.21	-264.251	-1799.24
-136.171	421.658	-1730.88
-55.3062	105.458	-1834.02
-20.0542	511.855	-1677.21
493.428	-206.461	-1656
311.291	71.6031	-1725.31
222.882	-325.895	-1740.21
-190.786	-420.271	-1733.83
192.758	-442.437	-1721.69
-276.368	-180.127	-1759
445.014	321.753	-1691.83
-15.4008	394.197	-1750.49
286.624	-475.485	-1690.67
344.842	487.223	-1706.2
-214.004	-387.224	-1747.57
272.124	-444.332	-1711.21
-74.0777	86.4626	-1835.77
230.777	-417.349	-1739.6
177.767	-98.2922	-1821.53
115.321	-561.928	-1712.2
340.586	-383.158	-1738.16
-215.995	-384.966	-1749.4
-513.083	-260.053	-1733.85
-85.8942	78.5252	-1836.99
-95.252	-399.346	-1764.88
357.345	-482.468	-1705.95
344.324	-460.097	-1718.22
-241.103	-425.913	-1727.1
-93.8546	71.45	-1837.85
-93.8769	71.4181	-1837.85
-241.562	-425.192	-1728
52.3447	-394.017	-1757.1
96.4637	-565.715	-1672.93
77.7904	-616.709	-1693.3
-12.4499	578.6	-1753.26
358.233	-481.347	-1707.39
358.233	-481.347	-1707.39
365.036	-463.822	-1709.56
205.683	514.569	-1710.38
103.357	-527.97	-1719.82
131.834	-487.862	-1735.9
357.589	-481.604	-1706.7
326.888	-383.105	-1749.35
386.497	413.211	-1708.51
265.316	-412.513	-1748.74
-89.573	66.7796	-1837.46
250.021	-263.58	-1791.98
356.585	-415.338	-1724.72
356.963	-481.848	-1706.03
323.051	-506.731	-1712.62
186.273	-506.272	-1728.36
405.602	-233.859	-1814.66
309.708	-455.187	-1742.64
266.637	-523.373	-1728.53
-12.0485	579.015	-1752.28
-129.659	-657.726	-1687.8
261.406	634.428	-1685.78
-129.659	-657.726	-1687.8
-73.259	559.881	-1755.49
-346.591	491.572	-1709.22
-506.161	-288.125	-1727.56
273.821	355.634	-1755.02
357.345	-482.468	-1705.95
-243.134	-425.468	-1836.39
-11.683	580.548	-1750.32
295.262	628.079	-1688.18
-244.014	-354.188	-1820.2
-287.266	287.053	-1776.03
-460.587	-214.483	-1768.21
315.074	-446.376	-1737.83
-279.916	-507.157	-1784.84
-240.654	-428.507	-1833.5
165.761	602.842	-1731.02
-10.2197	582.703	-1746.96
-76.7736	-572.143	-1756.12
-286.497	-533.391	-1766.53
-240.358	-429.226	-1832.71
-240.358	-429.226	-1832.71
231.073	116.406	-1910.85
-569.678	9.81757	-1753.69
-569.678	9.81757	-1753.69
337.408	-481.14	-1711.08
289.699	-497.585	-1724.36
-278.849	-508.333	-1783.81
-264.036	-474.695	-1805.79
-239.242	-429.984	-1832.51
-9.68725	583.992	-1745.56
-157.47	-556.517	-1764.35
-499.246	-105.919	-1772.85
477.826	-165.196	-1792.42
57.8716	590.918	-1742.84
-159.267	-540.407	-1775.37
-443.578	-66.2675	-1805.45
-543.631	-69.208	-1759.1
-9.41025	585.931	-1744.43
-6.8147	-455.248	-1815.61
-513.969	-226.858	-1741.61
-142.241	-295.88	-1894.8
-357.866	487.395	-1699.69
413.541	-241.574	-1808.15
20.3046	-354.321	-1866.22
-555.011	286.031	-1747.67
-47.9615	116.196	-1833.5
398.219	-235.578	-1813.4
-235.028	-434.225	-1831.92
300.647	-263.287	-1783.02
-269.148	-70.8094	-1822.4
-184.02	-435.821	-1832.51
-234.449	-435.181	-1831.89
-522.445	-143.044	-1758.48
-538.915	-69.445	-1762.33
549.227	-316.573	-1746.28
-44.6044	135.893	-1935.19
-504.435	217.724	-1790.29
-521.916	-142.803	-1759.39
450.109	-175.271	-1797.02
-175.438	-493.985	-1806.53
-257.454	239.564	-1798.25
-562.07	12.4971	-1759.44
441.801	-252.955	-1799.72
-273.133	-513.547	-1785.57
-110.581	32.9563	-1843.01
372.837	-327.23	-1750.46
223.373	-183.689	-1900.54
-256.65	-480.053	-1809.05
-340.647	-123.759	-1809.26
-52.9613	141.516	-1834.48
527.852	-219.934	-1744.7
-509.438	-225.64	-1748.87
45.3785	-378.63	-1857.23
-9.60974	577.726	-1757.64
-13.1323	593.593	-1745.85
530.759	287.197	-1759.17
-500.693	-252.646	-1745.19
-323.326	-170.518	-1806.65
-59.227	144.707	-1835.36
-510.346	-200.547	-1756.3
-492.554	-291.626	-1735.53
-63.3112	143.962	-1835.71
545.703	288.043	-1740.3
-254.882	-477.921	-1813.04
-15.8349	592.754	-1747.82
156.612	-605.072	-1718.35
-254.681	-477.199	-1813.94
-37.3103	-428.187	-1837.43
295.509	-526.985	-1718.8
528.266	-188.471	-1784.19
-512.179	-221.038	-1751.17
-512.179	-221.038	-1751.17
-494.66	-288.998	-1736.21
-76.3395	138.097	-1836.49
-76.3645	136.266	-1836.71
-567.404	19.5334	-1762.14
-513.611	-196.877	-1757
543.709	393.03	-1705.11
-255.379	-475.256	-1815.07
-17.866	590.693	-1749.98
-534.362	-115.633	-1764.8
-514.254	-219.393	-1751.08
308.7	456.066	-1736.59
-189.999	-364.539	-1874.98
-488.099	-211.331	-1767.35
-88.0153	125.136	-1837.65
-231.736	-426.533	-1843.35
229.114	-477.343	-1756.68
-531.412	-131.771	-1763.51
-128.707	-525.407	-1795.46
242.87	-304.472	-1792
-519.534	-216.77	-1750.06
-189.843	-494.878	-1810.52
-39.831	567.421	-1758.92
-575.815	18.8429	-1758.94
554.437	355.969	-1706.94
-133.124	-483.724	-1820.41
-103.505	103.237	-1839.06
-183.695	-343.159	-1776.3
-237.641	-421.842	-1844.6
-523.343	-216.496	-1748.24
-17.9897	581.333	-1755.94
125.508	-355.288	-1807.56
376.231	486.809	-1734.97
-265.182	-466.903	-1817.51
306.058	507.349	-1725.26
-17.4721	579.502	-1756.81
543.96	380.423	-1719.69
30.9242	-544.172	-1774.3
62.6579	547.539	-1765.39
238.179	-461.835	-1758.73
-247.087	-419.098	-1843.63
-501.124	-306.081	-1726.59
-101.564	-540.153	-1785.13
280.08	-276.099	-1787.49
-55.5794	-573.92	-1761.46
302.457	-305.177	-1798.53
-288.131	-500.461	-1793.06
319.516	336.671	-1814.01
252.344	616.127	-1712.42
346.042	-492.09	-1712.74
359.499	-411.132	-1729.51
183.423	-281.889	-1810.86
-515.687	-327.097	-1710.85
-451.857	-369.101	-1707.22
-222.674	182.971	-1813.36
-109.017	45.903	-1839.81
-472.347	-211.609	-1768.4
146.419	313.995	-1818.66
334.777	-404.955	-1739.33
462.858	-170.112	-1796.38
302.725	-437.067	-1749.57
-128.892	-445.858	-1827.58
314.463	614.885	-1697.01
-10.1249	577.164	-1753.18
-248.461	-424.53	-1835.93
-9.7328	577.651	-1752.14
-78.2402	560.227	-1754.36
-474.32	-23.0764	-1796.43
-525.751	-201.561	-1745.39
438.568	393.51	-1700.97
146.682	217.642	-1815.6
183.221	-183.177	-1816.83
299.212	-188.189	-1816.53
470.28	-181.071	-1790.22
514.46	-132.664	-1776.57
417.11	340.32	-1736.49
-84.1092	56.0545	-1837.23
-523.862	-202.711	-1744.63
147.394	219.693	-1813.84
-350.506	-257.075	-1823.94
194.711	575.979	-1748.31
-269.545	-473.058	-1804.98
-7.79558	579.803	-1747.54
517.213	-267.757	-1765.62
-68.097	53.3472	-1835.78
-69.174	54.6679	-1937.68
225.869	-531.185	-1731.94
-520.347	-206.453	-1742.03
-65.0558	48.6036	-1937.42
317.739	-506.161	-1708.74
-431.556	55.0583	-1798.4
-245.82	-431.438	-1827.51
-200.177	-406.317	-1833.03
346.804	-26.49	-1809.18
-48.0541	28.7616	-1907.12
-4.60318	579.541	-1745.24
463.973	-281.874	-1803.13
478.743	31.8468	-1778.74
-321.347	333.711	-1752.66
-551.006	298.004	-1748.16
-40.508	-424.982	-1841.19
338.052	-493.499	-1705.46
573.94	-156.162	-1747.5
-522.995	-207.95	-1741.12
-124.013	-69.1084	-1833.23
-72.6028	18.6801	-1836.44
-72.5227	18.9932	-1836.43
-72.5227	18.9932	-1836.43
-72.5227	18.9932	-1836.43
-72.5227	18.9932	-1836.43
177.728	-180.189	-1814.73
329.435	-321.587	-1758.27
419.092	-279.514	-1785.64
314.914	-242.559	-1849.9
-462.505	77.6403	-1808.49
487.899	424.098	-1665.19
144.847	204.539	-1814.74
-68.7422	26.2469	-1836.05
-136.985	-159.033	-1835.69
483.682	-33.9971	-1784.01
290.03	370.302	-1777.76
402.688	-492.764	-1672.09
436.707	-523.31	-1640.35
518.736	-288.198	-1709.22
-502.993	-111.726	-1768.36
-194.392	-354.731	-1760.24
-60.4454	34.2132	-1835.38
-61.14	34.474	-1835.34
-61.14	34.474	-1835.34
-61.14	34.474	-1835.34
-61.14	34.474	-1835.34
-61.14	34.474	-1835.34
-61.14	34.474	-1835.34
526.758	-369.265	-1633.08
-511.033	-256.724	-1730.67
-511.379	-266.494	-1727.53
526.278	-269.902	-1759.67
385.469	323.213	-1752.82
-56.4409	50.6384	-1834.84
246.911	-272.235	-1785.55
-215.968	202.073	-1803.05
-57.7357	55.7893	-1834.72
-57.7357	55.7893	-1834.72
491.642	-79.2477	-1700.29
-57.8312	62.1192	-1834.63
-57.8312	62.1192	-1834.63
-57.8312	62.1192	-1834.63
442.271	-369.209	-1680.26
401.173	-242.652	-1731.71
353.669	-227.351	-1738.89
309.84	230.103	-1759.84
336.369	105.457	-1765.73
392.975	-137.998	-1750.8
521.865	-395.482	-1622.52
-260.78	156.483	-1795.03
-57.8312	62.1192	-1834.63
550.458	-35.849	-1696.53
452.694	423.096	-1678.32
-115.054	-238.809	-1804.34
426.882	-359.889	-1712.57
-518.344	-310.961	-1706.54
-442.781	280.099	-1688.34
-50.1721	43.7627	-1834.35
-426.448	168.838	-1739.51
537.561	185.015	-1702.71
440.669	442.178	-1664.53
479.536	-293.065	-1684.78
-46.1587	20.8294	-1834.42
511.092	-402.284	-1625.97
-46.0101	12.5177	-1834.5
440.307	-313.422	-1698.77
-45.1737	6.19126	-1834.57
306.037	305.082	-1763.75
433.896	-268.898	-1707.16
-45.9426	-4.16362	-1834.54
-45.9426	-4.16362	-1834.54
-45.9426	-4.16362	-1834.54
443.728	-258.395	-1705.37
558.053	-138.099	-1705.19
359.865	11.3002	-1757.55
450.903	-264.332	-1700.04
338.621	-201.708	-1761.41
-42.3934	-2.13587	-1834.33
-421.571	64.106	-1787.7
449.196	369.336	-1703.88
-38.7514	-4.58165	-1834.1
-38.7514	-4.58165	-1834.1
-38.7514	-4.58165	-1834.1
246.364	-270.069	-1783.63
320.596	-474.093	-1725.88
505.174	-321.745	-1652.51
338.737	-202.09	-1760.96
-38.6948	4.00928	-1834.1
-38.6948	4.00928	-1834.1
466.986	-504.924	-1622.3
443.706	-259.12	-1704.46
-93.3925	-80.3025	-1831.26
-528.66	-15.3592	-1717.31
425.77	253.059	-1716.86
-137.388	-200.194	-1802.62
525.13	-361.094	-1627.59
-399.873	-306.054	-1737.08
-466.688	-41.5506	-1734.24
482.784	297.153	-1686.47
-477.068	-271.8	-1690.17
437.514	113.579	-1730.32
494.869	463.42	-1632.48
-485.538	-128.193	-1707.66
408.531	197.513	-1748.77
-479.214	275.113	-1681.54
444.264	-260.651	-1704.24
-427.628	92.0045	-1716.49
275.497	-7.37551	-1780.9
-477.953	-106.717	-1691.58
-420.759	-462.956	-1655.34
454.27	147.49	-1715.51
-461.478	-194.063	-1703.28
406.311	-7.84608	-1737.04
-401.548	74.2062	-1731.87
544.401	-196.118	-1647.94
426.674	448.679	-1666.5
-485.086	-90.8839	-1686.64
499.082	-285.128	-1667.71
-300.959	-248.478	-1779.35
-465.338	55.671	-1694.17
-518.292	5.98616	-1670.77
521.396	-82.398	-1692.54
-212.015	-394.24	-1741.26
-25.725	101.022	-1832.02
383.509	489.348	-1654.84
-218.273	-398.029	-1731.85
-20.9419	101.506	-1831.9
-290.358	-433.359	-1707.18
-18.6828	101.812	-1831.73
-236.449	-436.297	-1716.74
-511.463	-211.106	-1743.09
544.438	-245.955	-1641.54
-382.643	162.696	-1731.17
257.332	362.734	-1745.57
-4.75242	97.808	-1831.43
264.619	-213.814	-1757.84
-538.301	157.836	-1654.06
-351.449	-440.251	-1687.19
3.06216	92.8886	-1831.45
3.75129	87.8774	-1831.49
3.75129	87.8774	-1831.49
359.648	-445.579	-1711.52
3.68364	82.6978	-1831.56
3.68364	82.6978	-1831.56
3.19009	77.2706	-1831.65
3.19009	77.2706	-1831.65
518.225	-278.507	-1653.98
2.90498	70.7611	-1831.81
2.94262	71.597	-1831.75
-288.862	-420.857	-1707.51
6.93408	71.18	-1831.79
400.235	-236.224	-1729.21
535.68	175.957	-1678.29
527.835	-248.072	-1651.78
531.715	-272.242	-1645.35
436.738	187.206	-1710.01
489.219	250.44	-1684.81
464.068	324.669	-1689.07
425.872	441.134	-1666.65
497.291	461.518	-1633.93
503.313	440.054	-1643.58
-425.874	-190.701	-1715.88
-472.119	404.184	-1650.04
-280.172	120.645	-1777.37
-268.574	21.8565	-1774.72
482.16	-416.716	-1629.09
356.397	15.3702	-1760.61
432.916	308.564	-1683.91
217.887	-85.742	-1809.14
-326.473	190.076	-1765.62
350.16	-266.934	-1733.75
313.65	-56.8529	-1771.07
-294.441	-309.926	-1741.29
212.385	205.88	-1791.58
-285.396	-9.69394	-1776.77
376.423	165.983	-1730.18
387.001	90.1947	-1745.2
327.79	-183.344	-1766.82
-363.286	-325.808	-1724.09
-298.791	-62.0484	-1783.43
413.797	-377.815	-1664.16
469.329	361.188	-1662.07
-321.747	-10.0789	-1757.95
-294.918	-54.5936	-1790.94
357.677	-236.897	-1736.74
473.439	213.323	-1712.57
384.918	371.11	-1705.47
-499.044	-453.269	-1638.77
-302.047	-211.154	-1751.71
-373.947	-139.154	-1758.99
-296.793	119.3	-1741.71
-353.793	274.436	-1732.55
-323.155	116.904	-1774.22
425.896	43.1335	-1749.27
422.321	-84.3332	-1748.24
495.351	-239.996	-1716.53
497.016	-313.042	-1697.25
-443.653	212.574	-1741.77
-399.802	-117.077	-1765.54
-494.215	-272.564	-1680.52
-398.327	-302.755	-1711.1
-191.768	-340.35	-1757.51
-175.981	-338.344	-1768.13
297.243	295.077	-1767.86
476.041	415	-1659.17
384.048	19.4264	-1747.07
530.99	-387.76	-1615.65
-358.225	312.216	-1728.88
394.405	495.914	-1643.9
-296.678	-432.598	-1705.39
442.936	-260.975	-1704.73
468.002	-156.334	-1692.95
-532.607	-170.203	-1669.93
-177.017	-339.372	-1766.54
-12.1034	87.6497	-1831.61
251.899	538.61	-1649.09
-383.699	-435.174	-1681.25
-8.71439	87.8504	-1831.55
251.725	471.683	-1693.66
472.666	445.246	-1653.07
-4.39002	88.3237	-1831.48
355.707	489.926	-1657.61
407.754	430.947	-1677.75
-2.06337	87.4673	-1831.53
507.646	467.65	-1626.55
4.25134	88.5152	-1831.45
-383.308	-281.843	-1712.76
-290.561	277.12	-1762.91
388.653	-280.558	-1729.64
-285.181	-74.2738	-1780.26
293.283	-196.887	-1785.72
225.618	218.491	-1795.04
362.195	367.008	-1718.52
336.365	315.34	-1765.43
331.554	-183.845	-1788.66
-257.012	-2.76378	-1827.09
-294.366	-127.387	-1799.51
-368.597	-408.33	-1716.55
257.083	164.292	-1820.64
289.184	-130.382	-1798.35
-273.185	-47.8672	-1813.9
-446.198	-266.495	-1735.52
274.877	-136.365	-1811.67
-349.006	-166.487	-1796.01
370.553	131.994	-1800.1
343.807	-99.1621	-1787.89
-358.104	-200.264	-1787.14
266.372	65.4925	-1831.98
-350.295	-150.019	-1800.73
-409.295	36.9012	-1785.08
358.819	43.9762	-1792.71
-311.406	-88.9772	-1824.77
375.613	203.877	-1824.35
-426.095	-131.429	-1800.76
344.4	-45.0892	-1823.03
-293.171	-241.649	-1815.68
-384.265	-8.13842	-1819.56
402.176	98.2551	-1804.98
-427.165	137.109	-1789.3
359.017	-30.7599	-1812.93
-443.546	-116.329	-1790.62
442.028	30.7291	-1806.84
-433.548	-39.5147	-1805.92
395.368	-155.781	-1801.31
-474.657	-162.908	-1768.82
430.895	-40.0237	-1806.21
-469.839	50.9402	-1795.18
428.396	-144.402	-1799.43
-355.338	-73.2084	-1834.69
435.006	-62.7508	-1802.73
333.54	50.3687	-1842.31
421.476	43.9875	-1826.06
-427.322	-56.892	-1808.93
405.051	11.6033	-1846.3
464.225	77.451	-1812.32
-457.083	-198.118	-1809.8
483.804	72.5646	-1807.83
-521.819	-141.557	-1770.71
469.574	70.6585	-1825
-459.116	64.0388	-1816.6
439.19	78.6415	-1832.75
393.769	-196.529	-1830.69
491.445	-348.391	-1760.99
-529.139	238.112	-1774.88
434.537	33.8535	-1838
482.92	49.1378	-1823.91
-519.05	-181.124	-1803.19
537.265	37.5358	-1801.71
527.268	114.518	-1803.49
-509.56	-78.6533	-1813.55
480.082	57.6298	-1845.31
574.462	-271.579	-1762.4
485.855	-337.002	-1758.61
601.724	-172.822	-1784.48
455.138	-278.389	-1799.12
-588.664	-148.458	-1794.56
-458.012	100.921	-1819.91
578.684	-193.911	-1797.56
507.568	121.303	-1831.12
542.137	-312.112	-1771.84
582.301	70.1472	-1803.42
515.818	211.295	-1810.37
433.016	-194.421	-1841.39
523.378	-306.94	-1795.37
559.931	-206.873	-1829.33
-392.551	142.954	-1879.02
-476.806	206.349	-1847.34
-521.4	-137.395	-1837.09
454.112	422.994	-1807.61
-443.018	-390.174	-1832.78
-544.022	-402.542	-1795.18
429.907	432.216	-1819.64
-454.054	-393.819	-1830.27
505.929	468.433	-1763.55
-505.61	-354.052	-1818.03
459.518	397.425	-1834.95
449.529	30.9168	-1904.76
383.39	228.97	-1917.74
371.724	-178.999	-1897.49
475.475	-38.6635	-1893.69
381.33	-77.3055	-1918.46
403.348	-218.01	-1887.86
486.613	-135.494	-1884.89
-427.806	109.106	-1923.84
399.054	-38.7946	-1911.23
399.054	-38.7946	-1911.23
-378.356	200.534	-1906.14
-441.111	175.405	-1890.03
-471.912	-278.925	-1910.72
-483.586	125.789	-1927.09
-473.494	-50.9969	-1916.15
511.4	408.797	-1814.39
-595.771	-419.146	-1772.84
567.548	-195.345	-1882.31
363.848	240.643	-1938.95
-501.936	-434.911	-1868.96
-496.97	-13.7305	-1941.4
459.566	-22.8519	-1945.15
-446.081	125.382	-1921.28
407.752	151.04	-1937.1
442.207	10.5018	-1934.86
-408.534	-178.396	-1948.12
447.075	206.516	-1933.56
-538.868	126.194	-1897.43
-416.847	-74.6297	-1959.14
-507.571	-58.7285	-1930.64
344.802	116.664	-2002.76
527.804	206.829	-1919.39
-531.648	-214.25	-1884.85
367.965	63.9727	-1999.8
584.107	15.4464	-1895.14
-565.967	38.1977	-1904.58
-417.449	-68.6863	-1989.53
379.957	49.8936	-1995
493.238	197.482	-1930.7
519.414	170.064	-1907.71
-567.388	71.7688	-1904.97
526.291	32.9054	-1958.38
-490.781	-64.8463	-1962.13
-540.885	-18.6933	-1936.95
-438.759	-64.829	-1994.94
-519.951	-277.299	-1929.7
-517.618	-177.265	-1915.06
-620.207	-294.804	-1856.61
-499.428	-205.331	-1945.47
-470.329	-46.5611	-1980.26
-462.703	-40.5713	-1986.35
-417.948	20.4095	-2005.66
-477.253	24.5646	-1992.22
-470.063	45.8748	-1993.36
-474.284	36.2221	-1969.83
-566.73	-110.867	-1922.34
-618.525	-259.06	-1892.32
449.886	417.64	-1945.57
537.175	398.681	-1909.3
560.816	412.763	-1896.93
524.287	-106.39	-1970.91
574.594	87.1636	-1916.76
558.254	51.4481	-1947.82
-532.456	258.337	-1977.1
-420.88	262.254	-2021.64
-327.561	242.847	-2046.97
-194.298	238.503	-2077.68
440.74	-147.589	-2028.93
454.056	-142.978	-2021.31
535.74	-263.8	-1974.43
521.196	-286.109	-1979.97
551.447	-294.747	-1959.23
543.173	-279.829	-1966.18
482.244	-99.5538	-2011.21
-460.867	-217.009	-2018.62
534.529	481.743	-1909.5
575.285	566.245	-1834.78
386.6	333.012	-2020.4
-529.176	297.87	-1932.69
546.171	-46.2858	-1948.9
478.565	433.662	-1933.77
505.375	476.323	-1902.39
-484.795	196.926	-1992.16
-477.446	-17.3362	-2039.95
-556.69	-453.185	-1915.15
-574.681	-29.9345	-1950.07
-535.596	106.429	-1958.06
542.771	-10.2894	-1978.46
573.544	-118.163	-1980.36
599.328	120.274	-1938.19
543.421	292.678	-1927.71
561.732	428.485	-1894.47
-590.417	-466.519	-1897.13
-481.292	-380.749	-1980.53
-623.201	-44.0761	-1944.53
607.132	-316.814	-1902.46
636.742	10.1807	-1931.74
627.597	191.008	-1936.14
565.873	553.64	-1854.86
484.003	455.135	-1940.23
-655.379	-37.7537	-1896.85
-691.162	-181.929	-1863.93
-617.213	257.975	-1908.29
-591.034	133.071	-1931.53
-694.595	-71.7231	-1900.19
527.533	526.685	-1885.95
471.792	329.206	-1976.71
672.931	200.632	-1864.33
-624.416	-145.832	-1907.43
-271.958	-263.965	-2039.26
661.402	44.4577	-1906.39
-655.355	-53.2228	-1914.3
584.658	541.843	-1852.13
-532.478	317.916	-1944.09
-550.732	11.3569	-1944.82
447.653	202.649	-1997.72
570.893	-289.337	-1905.76
-428.707	-257.306	-1996.3
642.799	74.6371	-1912.9
-610.102	196.775	-1949.28
598.504	526.233	-1851.6
-444.462	312.11	-2005.06
-545.288	278.632	-1928.21
-371.39	-258.989	-2010.27
-460.587	-351.502	-1971.05
505.904	-248.834	-1977.63
640.157	-399.957	-1896.33
479.06	-167.64	-2017.18
534.73	307.053	-1975.83
-600.662	-429.632	-1901.18
-535.922	-253.611	-1996.22
555.977	-111.003	-1986.61
601.84	-363.727	-1931.63
530.986	-272.255	-1986.58
508.839	43.0482	-2025.79
-591.88	-314.708	-1952.82
-566.061	-228.961	-1988.86
-536.869	-252.575	-1994.54
-435.709	77.414	-2027.96
-332.817	327.748	-2042.39
-508.074	391.861	-1923.04
540.693	-457.508	-1882.77
534.789	-351.881	-1965.35
-408.656	239.065	-2015.45
-439.289	310.232	-2008.53
482.276	-362.768	-1960.52
530.115	-205.575	-1986.53
-506.142	-297.294	-1986.35
507.642	465.675	-1922.61
-452.984	-413.234	-1951.21
-537.671	-429.147	-1923.43
534.235	-18.9769	-2029.36
505.985	-233.242	-1994.15
553.773	-410.199	-1969.33
611.413	-362.755	-1923.76
-485.557	-53.272	-2031.01
-565.078	-453.689	-1903.3
474.291	420.056	-1948.26
-464.623	316.501	-1968.45
502.056	-124.668	-1998.38
-552.455	-204.836	-2001.64
-497.766	-264.171	-1967.71
-557.1	433.625	-1884.32
582.791	289.167	-1919.42
573.734	152.716	-1998.64
501.596	-381.988	-1953.48
440.995	55.6382	-2009.24
538.277	496.021	-1878.08
492.13	-91.1133	-1988.82
422.542	425.721	-1953.4
-630.655	50.7802	-1939.83
582.601	-233.365	-1936.3
357.597	122.026	-2029.39
-608.369	-182.712	-1898.65
-666.119	-55.6932	-1901.35
563.226	-136.731	-1948.59
423.806	186.396	-1995.59
-577.488	-354.53	-1915.06
-670.545	-1.3082	-1909.36
636.762	-116.488	-1889.35
482.047	101.423	-1996.2
-478.271	-184.523	-1973.16
-613.421	-117.516	-1945.01
-638.217	51.0375	-1922.48
659.077	28.4686	-1927.48
585.904	312.803	-1956.94
599.561	420.851	-1920.84
-588.299	-329.17	-1964.32
-589.239	-259.568	-1987.08
-700.215	-44.4306	-1882.3
-597.457	160.535	-1934.93
641.141	-34.8502	-1892.46
619.832	224.011	-1900.83
498.795	-13.3854	-2007.17
-497.197	-433.666	-1946.62
-638.888	-137.922	-1885.06
-708.965	-201.169	-1842.45
-654.771	181.2	-1927.75
705.717	-167.722	-1902.24
705.278	-14.0359	-1913.39
-584.462	-372.641	-1953.6
-592.358	-418.678	-1929.27
-596.783	-225.84	-1980.05
-760.946	-118.074	-1846.37
722.074	61.8501	-1878.62
697.066	73.7522	-1908.36
588.845	355.475	-1922.5
-640.918	-172.797	-1919.25
-705.146	-23.3713	-1907.83
735.992	67.8737	-1872.24
678.508	88.501	-1924.52
604.076	247.733	-1951.84
-699.872	-54.7061	-1909.57
-799.934	-15.6667	-1841.41
-760.285	-251.389	-1808.05
-680.585	-213.24	-1851.41
-627.56	-132.255	-1886.22
613.095	-190.283	-1910.65
607.139	-238.253	-1901.23
591.154	-221.57	-1915.97
585.802	-11.3238	-1916.54
560.375	98.1308	-1923.59
625.021	282.769	-1860.69
667.656	366.597	-1803.27
742.562	380.448	-1766.04
-757.989	-250.52	-1809.53
-746.118	-254.353	-1812.14
-599.231	-100.311	-1933.11
464.145	107.14	-1999.44
671.139	-335.706	-1809.97
596.186	-154.698	-1926.38
637.228	-75.2442	-1897.81
713.079	6.04966	-1872.85
757.196	187.073	-1830.83
-758.926	-267.6	-1803.43
-611.64	-18.94	-1955.56
-633.156	78.4874	-1930.51
-634.128	75.5114	-1909.24
-578.597	99.3221	-1948.68
690.593	-288.338	-1840.73
656.454	40.3576	-1918.06
716.53	47.9389	-1893.66
729.506	55.6391	-1881.16
731.329	223.974	-1837.34
716.857	275.233	-1826.36
-712.712	-146.313	-1869.45
-654.361	-144.05	-1920.02
-595.29	-333.064	-1930.07
596.29	502.6	-1883.37
587.437	314.582	-1927.54
642.951	202.28	-1907.49
667.3	139.426	-1909.97
696.593	137.457	-1884.58
663.169	66.5226	-1908.84
-656.711	-107.888	-1899.75
-724.617	-222.612	-1834.46
-737.002	-255.047	-1815.59
-735.994	-195.038	-1838.04
-723.538	-238.206	-1832.86
-733.913	-203.658	-1838.86
-746.324	-160.311	-1843.72
-739.374	-207.679	-1832.11
-719.806	-173.86	-1846.4
-689.743	-205.793	-1847.51
-681.308	-163.885	-1862.26
-672.736	-160.734	-1858.79
-705.116	-241.101	-1828.81
-674.978	97.9381	-1922.93
-636.792	-31.8296	-1948.63
-685.519	-2.7418	-1872.68
-674.16	-66.3439	-1892.64
-724.038	-216.403	-1836.64
-673.998	-96.4068	-1879.19
-711.485	-229.628	-1837.4
-707.006	-126.839	-1868.41
-710.431	-325.565	-1795.86
746.266	-164.896	-1863.52
697.074	150.527	-1883.55
577.856	87.2823	-1934.72
-700.229	-169.735	-1867.71
742.419	134.716	-1845.11
594.709	52.9254	-1956.44
-661.471	-202.657	-1861.24
664.251	361.819	-1809.91
-709.659	-227.326	-1845.26
742.092	171.704	-1849.84
-726.183	-354.513	-1787.19
675.493	0.523924	-1920.32
624.184	121.482	-1893.95
659.1	121.815	-1885.68
658.984	368.297	-1812.24
609.716	180.126	-1943.85
767.338	339.901	-1782.69
-767.163	53.0886	-1864.73
-700.177	-227.743	-1851.78
-677.607	-209.057	-1867.46
-766.62	79.0228	-1766.05
683.723	360.086	-1816.89
-863.428	-222.873	-1666.97
-875.771	-228.801	-1660.85
-726.512	-327.143	-1817.9
-780.492	-156.938	-1812.3
848.206	29.3026	-1742.74
758.138	364.725	-1789.6
871.834	295.627	-1643.07
839.405	245.836	-1679.2
-786.292	-80.5021	-1754.57
784.502	-86.1849	-1777.61
784.534	195.963	-1766.01
703.134	373.962	-1812.34
679.515	-36.6206	-1852.07
-796.426	17.5525	-1739.05
-796.588	18.4336	-1738.88
-796.588	18.4336	-1738.88
-568.656	32.6615	-1935.68
-559.533	-259.392	-1902.39
802.364	150.786	-1730.47
-755.947	-246.805	-1832.41
-570.595	34.2571	-1933.03
734.614	-13.1978	-1800.32
855.399	240.427	-1671.1
-877.711	-168.718	-1680.26
-760.267	-283.58	-1817.51
-696.821	-219.858	-1862.08
814.796	-158.686	-1729.71
-798.082	20.3372	-1731.94
-763.288	-126.655	-1737.7
633.902	281.248	-1865.73
631.203	316.509	-1853.48
754.167	166.93	-1782.15
846.293	273.054	-1656.74
631.903	315.526	-1851.34
620.768	141.755	-1901.1
708.37	-64.1821	-1843.41
738.509	364.044	-1788.05
727.125	339.088	-1804.13
687.783	326.971	-1825.06
691.301	218.409	-1839.84
852.718	252.427	-1656.37
771.626	390.554	-1717.94
-741.136	-244.758	-1828.23
-651.567	-168.1	-1881.49
-577.122	33.4488	-1920.7
660.991	339.492	-1827.51
738.665	362.038	-1786.9
757.493	359.902	-1778.98
-784.421	-273.494	-1800.32
-770.74	-293.668	-1800.34
-750.177	-283.045	-1813.16
-741.399	-243.606	-1828.68
-624.236	-118.189	-1899.16
-624.454	-118.575	-1899
-598.714	-50.9558	-1913.42
-598.714	-50.9558	-1913.42
-578.228	35.3766	-1920.41
-799.238	20.7228	-1725.24
808.255	-125.923	-1724.26
689.838	-88.0319	-1848.01
-650.86	-166.612	-1884.43
-733.182	-286.411	-1821.48
-752.967	-340.639	-1791.38
-774.776	-302.845	-1796.67
890.632	316.068	-1621.83
846.07	190.639	-1718.42
750.15	381.983	-1775.87
739.666	398.033	-1772.61
745.918	377.877	-1780.4
762.746	336.944	-1791.81
762.746	336.944	-1791.81
762.705	339.567	-1790.73
889.224	277.174	-1631.75
-867.844	-231.462	-1659.83
-835.74	-97.1703	-1705.93
-822.441	-64.9745	-1715.99
860.094	293.077	-1641.74
-783.772	-273.375	-1805.49
-757.387	-240.621	-1827.47
-740.507	-243.049	-1833.97
-596.988	-49.2816	-1918.54
-549.219	-55.5676	-1932.59
-569.021	-183.704	-1909.72
655.272	-26.3799	-1857.1
702.031	-41.2924	-1839.85
748.848	-23.619	-1793.08
780.408	133.207	-1731.94
766.101	65.1443	-1769.48
817.529	116.035	-1731.75
816.219	118.222	-1745.51
816.874	121.977	-1755.11
795.115	110.089	-1782.44
825.048	5.2664	-1756.93
800.207	-49.3618	-1774.06
776.804	-66.405	-1772.79
776.709	40.7425	-1766.03
747.742	201.471	-1792.59
743.696	251.005	-1789.19
741.427	395.05	-1773.77
-734.25	-373.174	-1787.41
-641.258	-275.12	-1862.84
679.29	379.198	-1808.58
718.9	420.471	-1770.82
-747.18	-362.228	-1787.25
-702.36	-237.698	-1852.64
-801.442	-143.548	-1721.54
808.038	172.917	-1718.67
762.286	187.348	-1790.57
-723.041	-349.172	-1806.86
-623.008	-110.147	-1908.73
-599.405	-270.685	-1881.03
-674.947	-194.23	-1879.04
-788.907	-204.936	-1711.98
730.013	408.599	-1778.44
-605.47	-240.432	-1892.13
751.647	237.64	-1728.33
794.022	502.089	-1662.48
774.649	350.636	-1772
756.811	199.969	-1742.18
-815.684	-227.483	-1695.18
861.56	317.412	-1648.65
-882.887	-323.106	-1630.42
-874.024	-378.63	-1624.95
652.563	360.037	-1836.22
-597.751	-267.222	-1888.47
-567.595	-358.155	-1866.28
834.954	382.314	-1648.47
656.238	328.188	-1840.77
804.261	174.656	-1730.3
-783.935	-150.653	-1731.25
