203.987	44.1015	-746.817
217.662	58.2721	-740.757
213.223	20.1526	-747.864
199.145	18.9704	-757.006
170.549	65.259	-766.499
214.655	62.2502	-756.958
178.992	66.4776	-763.699
175.679	66.5626	-764.41
174.595	69.0215	-764.403
214.837	63.6884	-756.995
170.368	61.0078	-768.363
195.704	120.545	-752.344
192.041	47.6238	-769.305
160.795	-2.32903	-775.504
165.493	79.5379	-772.012
198.674	15.9885	-762.281
157.638	-28.659	-774.762
214.091	62.3091	-756.677
203.351	20.1869	-762.93
220.181	31.379	-757.223
183.107	27.2869	-767.298
226.539	31.9255	-757.542
182.245	31.1388	-767.532
216.418	93.9696	-751.116
205.132	25.0879	-766.312
178.847	17.8351	-771.223
191.652	67.9711	-762.716
213.567	77.9283	-758.485
208.585	48.2592	-763.74
195.539	25.3924	-767.477
181.222	35.7029	-773.03
175.212	40.1588	-774.578
171.506	41.3187	-775.647
178.682	50.4424	-771.197
187.024	89.0177	-764.28
204.947	100.377	-756.879
210.06	84.9946	-759.549
211.028	53.5438	-764.491
202.293	23.8975	-768.72
178.765	24.6452	-773.644
157.492	51.536	-777.319
182.49	115.438	-762.725
197.62	103.99	-764.065
186.569	74.2472	-773.124
164.523	84.1707	-776.134
184.173	151.638	-756.281
187.155	110.07	-769.833
189.03	17.6586	-773.455
172.244	69.5435	-776.09
176.878	60.3303	-778.007
173.651	35.4661	-780.855
192.448	136.865	-755.364
189.086	147.526	-757.214
190.019	80.6104	-769.712
165.482	43.5863	-783.753
157.518	64.1921	-782.781
186.872	128.589	-761.151
193.132	142.301	-755.565
190.849	107.695	-763.485
170.962	79.6564	-775.066
141.202	37.0705	-787.852
169.753	76.7491	-774.98
189.851	119.588	-762.301
187.496	115.46	-759.767
143.697	71.3269	-784.491
146.068	73.2234	-781.712
187.768	124.564	-761.601
166.095	74.391	-776.482
141.931	34.9934	-788.807
181.866	127.789	-762.731
169.396	87.9962	-772.419
162.087	83.8176	-777.017
126.627	6.70971	-791.64
188.889	127.543	-761.921
139.34	4.54011	-789.704
142.801	67.0119	-784.997
192.238	108.767	-765.319
129.46	-15.7359	-794.506
132.954	-0.187659	-791.043
189.148	137.094	-758.944
151.159	49.021	-792.872
193.349	99.3385	-769.335
117.404	35.1256	-801.443
183.621	9.85902	-788.808
73.0534	-18.3875	-812.048
177.209	8.59501	-789.339
124.02	6.9236	-802.575
138.83	31.1207	-803.663
179.553	69.0223	-784.317
163.591	69.9993	-794.332
211.965	104.607	-773.042
180.708	27.9898	-794.606
166.885	-42.7288	-803.085
187.16	140.098	-778.631
181.496	33.6753	-795.648
163.421	35.5623	-808.218
163.421	35.5623	-808.218
119.427	96.4336	-813.709
197.12	-33.4369	-792.424
131.157	57.1318	-798.413
122.284	6.67647	-820.908
152.114	37.717	-805.338
143.964	62.0777	-809.812
106.098	5.16986	-808.468
154.471	50.0703	-807.512
134.201	67.7708	-809.85
150.086	-1.45468	-811.529
171.593	93.1831	-786.201
84.347	78.3831	-818.102
107.132	73.1731	-801.276
167.463	41.1758	-783.976
151.075	77.288	-778.989
180.439	20.9116	-798.951
180.439	20.9116	-798.951
163.784	47.368	-784.107
178.159	28.8904	-779.082
134.165	86.014	-812.956
134.165	86.014	-812.956
120.513	34.2844	-811.968
165.747	76.9636	-807.009
165.747	76.9636	-807.009
176.769	55.191	-781.63
161.852	77.0793	-813.091
161.852	77.0793	-813.091
180.603	47.4733	-799.008
176.469	49.8391	-818.947
176.469	49.8391	-818.947
176.469	49.8391	-818.947
159.109	51.2175	-826.824
159.109	51.2175	-826.824
163.375	62.3104	-820.778
172.806	69.4643	-836.935
172.806	69.4643	-836.935
172.806	69.4643	-836.935
179.987	68.4847	-838.715
91.1327	11.4917	-868.983
96.8719	35.2443	-871.739
166.624	63.4147	-857.649
105.434	32.5976	-866.186
103.773	-0.0460109	-878.062
146.213	-75.3903	-836.151
96.4085	-26.0237	-889.671
96.4085	-26.0237	-889.671
107.597	45.4624	-891.062
105.933	-66.2891	-896.464
140.437	-2.48188	-894.826
108.648	-70.2152	-906.628
107.673	2.51275	-914.343
107.673	2.51275	-914.343
107.673	2.51275	-914.343
138.994	-48.3135	-900.402
101.733	6.36459	-923.077
145.432	-73.6005	-923.401
145.432	-73.6005	-923.401
145.432	-73.6005	-923.401
120.553	-42.9478	-939.581
163.418	22.9878	-940.818
165.624	24.6367	-941.914
184.764	-28.4543	-932.01
172.936	12.3337	-946.26
172.936	12.3337	-946.26
172.936	12.3337	-946.26
154.053	-17.177	-946.945
173.283	1.6645	-963.448
164.315	13.8627	-964.539
134.035	20.5854	-976.217
94.2404	12.2406	-992.838
117.373	18.9835	-992.759
144.085	10.7392	-988.97
184.494	-2.25695	-985.297
147.335	-12.2341	-990.423
132.551	-27.9846	-995.936
104.249	25.4733	-1018.53
167.4	-14.2635	-1014.97
157.658	14.8724	-1017.25
145.494	-39.4603	-1020.01
174.267	-16.0533	-1018.26
209.817	28.8523	-1012.86
237.136	76.1908	-1002.3
236.591	64.9372	-1007.66
142.622	-0.271137	-1040.7
186.104	36.347	-1038.64
229.397	78.9179	-1022.07
252.893	110.011	-1005.98
185.898	14.6327	-1050.61
220.534	38.568	-1043.39
271.036	92.777	-1025.75
214.786	67.5395	-1059.16
254.471	77.2104	-1046
161.483	13.2052	-1084.99
199.878	22.4232	-1079.91
212.125	91.6702	-1071.29
181.002	51.6688	-1091.89
129.88	-7.01234	-1106.35
222.44	80.4623	-1090.39
214.869	-6.13472	-1102.77
130.059	-19.4301	-1122.02
197.557	75.7117	-1107.31
188.601	76.4963	-1111.36
153.424	21.0005	-1133.87
179.733	-22.0574	-1129.48
214.67	45.2882	-1118.17
221.368	49.9622	-1115.99
183.971	27.9357	-1134.81
134.901	76.279	-1149.71
195.591	73.3127	-1137.75
199.33	18.7198	-1145.26
196.424	44.3144	-1151.35
228.221	45.925	-1148.48
164.238	13.3458	-1164.52
134.409	19.9226	-1187.92
153.006	96.9122	-1182.85
193.89	75.4256	-1183.53
183.668	102.075	-1182.36
230.859	53.4884	-1184.47
158.391	-22.6277	-1197.96
213.467	20.1047	-1193.74
173.775	118.023	-1204.85
257.131	53.1852	-1190.64
228.298	37.313	-1202.21
150.318	-18.2183	-1222.17
189.129	95.6133	-1208.67
253.324	83.2894	-1199.2
226.962	82.0313	-1211.98
111.385	38.7091	-1241.89
206.448	-7.40424	-1224.9
223.574	39.7594	-1221.89
204.671	59.8409	-1235.63
105.745	-36.0979	-1256.23
243.583	28.6486	-1226.12
249.49	80.9697	-1226.72
183.51	31.0108	-1243.57
192.175	63.8496	-1251.51
269.358	64.4592	-1229.7
206.398	42.6959	-1265.1
162.913	3.07071	-1285.62
239.236	21.0543	-1254.45
236.141	-13.2448	-1263.02
232.566	93.7746	-1265.99
258.562	20.6002	-1272.34
212.043	-88.3382	-1274.97
214.024	-69.6532	-1279.08
257.553	-22.0899	-1288.68
284.253	-76.4773	-1279.88
258.739	20.7335	-1295.37
270.916	7.317	-1297.79
216.633	5.98815	-1330.23
253.595	92.3026	-1313.57
264.79	62.6157	-1318.92
272.062	27.729	-1324.5
280.569	23.3285	-1326.15
222.95	157.113	-1364.52
275.824	13.0292	-1381.35
299.916	-200.427	-1389.86
270.641	-141.473	-1420.14
281.523	-1.29006	-1436.25
296.256	-236.354	-1463.46
280.392	-218.754	-1475.7
275.794	127.837	-1502.46
256.528	-65.7922	-1516.93
291.795	130.159	-1495.36
233.225	219.037	-1509.65
285.976	-123.203	-1518.16
225.599	155.33	-1550.34
293.631	318.254	-1491.82
275.6	-280.177	-1510.5
115.303	193.162	-1580.06
258.546	238.327	-1534.96
189.909	-89.7462	-1590.03
269.924	-17.0387	-1603.72
282.24	275.895	-1586.91
186.002	240.091	-1623.5
186.002	240.091	-1623.5
85.8668	-168.13	-1647.11
81.7035	-268.57	-1688.49
284.568	-167.774	-1690.04
296.754	192.966	-1672.8
290.666	26.13	-1733.67
215.871	-174.863	-1717.55
57.2624	220.108	-1733.23
272.176	41.2222	-1716.71
256.362	-103.369	-1695.59
282.365	280.218	-1675.14
262.755	17.3614	-1731.71
230.689	1.10171	-1728.53
296.198	-73.3594	-1707.8
242.325	150.235	-1724.05
261.431	46.4958	-1729.13
266.379	-175.675	-1739.75
184.381	63.3799	-1749.91
295.712	-93.9038	-1732.3
243.094	-217.202	-1725.82
269.638	-181.603	-1755.11
246.39	-102.253	-1766.66
226.175	-142.633	-1761.81
230.01	-152.895	-1769.56
263.98	-224.174	-1756.74
260.299	-278.734	-1747.93
183.816	-336.285	-1750.95
183.816	-336.285	-1750.95
212.331	-359.478	-1737.1
250.587	-203.536	-1795.48
210.737	-362.516	-1747.48
293.807	-440.943	-1707.87
206.468	-359.695	-1756.55
98.1568	-325.818	-1785.84
185.691	-400.079	-1756.22
125.25	-367.084	-1794.47
175.626	-423.514	-1765.99
208.134	-406.018	-1787.31
178.761	-291.578	-1790.86
120.267	345.679	-1769.96
116.553	-363.431	-1777.85
114.448	-407.161	-1710.68
80.608	-213.105	-1776.71
156.877	-364.248	-1699.93
184.695	222.442	-1724.25
104.113	-321.173	-1691.89
75.6862	371.738	-1652.66
100.635	-261.388	-1679.57
54.0517	273.127	-1665.2
99.3485	347.753	-1647.97
115.724	252.269	-1657.37
53.6536	-237.036	-1655.22
196.956	291.376	-1624.94
138.021	283.954	-1612.07
239.839	358.278	-1572.37
220.512	337.725	-1553.45
173.526	296.783	-1573.68
162.604	355.451	-1554.09
257.883	335.933	-1524.49
219.626	329.384	-1529.4
274.483	-368.704	-1494.98
165	285.477	-1529.11
235.722	288.587	-1497.07
190.592	281.654	-1505.74
234.879	-351.169	-1463.87
86.834	267.635	-1516.65
259.355	368.043	-1424.37
165.022	358.368	-1452.35
103.861	-329.891	-1467.08
154.613	339.543	-1428.21
59.4977	340.717	-1440.75
56.7304	337.534	-1415.4
102.433	355.747	-1419.56
69.7435	319.298	-1401.86
72.7367	359.405	-1374.37
58.254	364.848	-1369.05
56.9667	377.899	-1364.6
78.147	361.451	-1358.27
92.7341	368.355	-1360.26
123.731	371.987	-1327.19
85.519	350.928	-1331.23
92.3529	358.318	-1324.76
68.6909	345.283	-1326.8
70.3292	346.238	-1319.31
100.396	365.951	-1304.3
58.2838	337.663	-1313.99
122.725	385.79	-1283.21
77.425	340.918	-1301.5
89.3195	362.64	-1281.21
71.4806	365.581	-1279.65
106.915	361.246	-1270.55
72.0987	350.493	-1273.8
78.3642	343.877	-1267.82
144.911	361.043	-1250.57
116.514	355.589	-1248.15
120.086	325.07	-1245.98
102.83	354.33	-1238.2
73.9908	355.329	-1240.96
80.5092	344	-1234.9
89.2939	345.029	-1234.6
78.6199	322.156	-1231.35
125.956	345.175	-1214.5
136.259	337.191	-1210.94
70.6357	329.574	-1218.8
106.619	318.331	-1206.28
76.5962	302.084	-1220.1
93.6681	326.589	-1204.39
101.053	335.834	-1201.38
118.509	313.78	-1199.53
120.304	326.124	-1188.69
130	335.066	-1184.84
111.313	343.063	-1173.99
107.509	346.679	-1171.81
114.907	343.201	-1164.88
111.728	325.819	-1173.3
91.9183	334.674	-1172.82
114.673	347.165	-1160.44
126.057	334.202	-1157.22
130.479	337.777	-1150.3
134.466	348.823	-1143.75
131.748	332.449	-1152.78
132.598	344.466	-1142.69
110.851	325.096	-1149.86
144.185	359.268	-1133.33
106.861	342.489	-1138.04
93.0198	328.259	-1146.59
90.2631	325.925	-1145.43
104.162	336.426	-1134.71
91.4949	349.863	-1127.73
68.362	351.803	-1125.98
75.6764	320.587	-1131.24
91.8096	330.612	-1122.44
115.509	348.314	-1102.13
118.135	344.769	-1100.99
111.762	319.983	-1112.87
114.759	340.19	-1100.08
117.771	340.361	-1091.27
94.6085	308.595	-1102.61
98.9475	315.888	-1100.38
101.738	323.654	-1091.12
93.944	327.719	-1089.28
72.822	327.055	-1074.67
75.7311	319.267	-1050.13
74.287	327.311	-1066.41
50.9163	328.793	-1062.37
78.4845	325.104	-1057.17
63.4032	313.897	-1050.66
55.3586	313.661	-1054.82
77.7307	312.214	-1041.57
82.3382	321.882	-1037.23
71.3651	312.532	-1031.88
55.7109	283.039	-1027.8
55.7109	283.039	-1027.8
54.4975	292.583	-1023.4
52.6671	314.778	-1029.45
52.1229	307.811	-1021.2
63.4515	308.202	-1015.67
63.1945	305.765	-1009.99
58.2147	300.302	-1010.86
57.5812	293.343	-1010.5
53.9218	300.126	-1001.61
73.5237	300.674	-997.242
60.7282	305.904	-993.633
68.2533	305.465	-990.157
53.7978	306.716	-989.241
66.1328	305.557	-986.594
86.0929	301.967	-982.396
89.3155	308.143	-975.232
89.3155	308.143	-975.232
87.5303	308.189	-963.574
73.4709	307.787	-973.284
89.603	320.021	-961.04
89.603	320.021	-961.04
89.603	320.021	-961.04
68.7831	313.488	-955.383
68.7831	313.488	-955.383
68.7831	313.488	-955.383
70.7892	306.313	-939.022
52.015	308.115	-944.109
61.5647	318.944	-933.317
61.5647	318.944	-933.317
63.956	314.866	-919.017
77.5875	315.376	-914.291
71.8132	308.783	-902.764
100.122	305.162	-892.091
84.3871	321.293	-887.162
83.3533	320.831	-884.342
79.8246	310.824	-889.886
79.8246	310.824	-889.886
78.5511	318.807	-872.085
78.5511	318.807	-872.085
66.4805	309.248	-869.75
61.598	306.915	-858.464
61.598	306.915	-858.464
61.598	306.915	-858.464
71.7158	188.715	-772.961
71.7158	188.715	-772.961
71.7158	188.715	-772.961
107.903	189.627	-769.938
107.903	189.627	-769.938
94.0904	210.34	-777.997
127.294	180.426	-759.917
88.581	201.851	-777.478
88.581	201.851	-777.478
88.581	201.851	-777.478
113.058	209.578	-771.497
113.058	209.578	-771.497
113.058	209.578	-771.497
108.23	180.391	-769.467
91.3713	195.832	-783.003
110.297	152.123	-759.414
109.004	186.953	-775.82
109.004	186.953	-775.82
113.249	156.001	-764.943
115.1	135.034	-759.519
115.1	135.034	-759.519
129.634	123.981	-753.382
91.6445	135.452	-782.766
94.3225	118.649	-782.317
94.3225	118.649	-782.317
94.3225	118.649	-782.317
110.262	90.4576	-759.59
143.464	103.63	-729.258
143.464	103.63	-729.258
128.842	75.4733	-756.473
114.186	65.794	-767.229
114.186	65.794	-767.229
114.186	65.794	-767.229
140.312	36.3062	-750.69
114.148	26.4289	-754.278
85.0174	31.6862	-753.415
85.0174	31.6862	-753.415
115.761	13.8458	-743.741
195.227	-19.9769	-676.432
195.227	-19.9769	-676.432
170.415	-5.61795	-696.728
170.415	-5.61795	-696.728
170.415	-5.61795	-696.728
185.698	4.66769	-658.796
187.716	-0.134294	-685.036
198.137	3.89012	-680.888
199.935	1.19699	-665.105
199.144	4.8861	-676.795
197.433	8.61506	-675.635
197.433	8.61506	-675.635
207.522	31.1448	-641.225
204.963	14.7858	-667.401
206.849	43.9986	-642.583
207.649	23.1624	-666.959
211.367	25.8725	-662.209
204.958	25.4674	-667.3
188.977	13.102	-673.513
197.813	21.0111	-669.04
199.183	18.0047	-671.231
196.761	21.7795	-671.934
195.328	6.94038	-675.553
186.023	23.2347	-679.487
177.74	3.98304	-682.925
160.57	20.1012	-693.962
153.996	-1.85543	-698.653
164.065	11.0174	-678.909
164.065	11.0174	-678.909
164.065	11.0174	-678.909
124.54	4.66354	-713.749
130.663	3.01739	-712.426
130.663	3.01739	-712.426
143.792	17.8141	-701.524
144.993	32.825	-704.764
128.747	32.0043	-717.72
109.063	20.0657	-724.318
140.573	24.6737	-716.888
140.573	24.6737	-716.888
104.558	10.7375	-728.285
148.418	32.8115	-716.394
146.772	22.179	-717.157
144.369	23.5921	-717.288
133.862	22.8159	-720.311
129.58	10.5986	-721.502
164.392	-3.55688	-683.403
162.94	-0.351547	-682.741
146.902	20.0403	-714.868
135.775	10.2814	-715.887
150.527	9.76766	-711.132
157.048	9.33923	-708.328
166.035	7.59144	-703.623
166.035	7.59144	-703.623
161.81	-3.55804	-698.846
192.426	4.86593	-676.313
186.146	-16.0496	-690.782
176.867	-15.5896	-693.329
181.513	-12.3838	-689.079
182.613	-5.84367	-688.201
190.472	-2.15159	-683.937
191.214	-2.58319	-678.395
194.198	-23.7763	-680.504
196.302	-15.1449	-676.809
199.086	-9.58322	-675.306
197.288	-6.58788	-675.329
196.828	-3.67644	-675.209
192.883	-14.4931	-675.92
192.883	-14.4931	-675.92
192.883	-14.4931	-675.92
216.876	-9.35702	-654.446
221.228	-8.62747	-650.894
216.135	-10.2778	-652.829
208.057	-18.1388	-656.361
192.688	-24.7388	-663.39
211.449	-5.82684	-650.434
232.026	-42.1456	-638.548
221.762	-25.9731	-645.643
206.7	-28.68	-651.75
227.903	-7.26718	-645.063
208.419	-22.9245	-652.941
214.614	-41.595	-653.351
214.447	-6.35023	-649.76
236.806	-29.0532	-642.789
226.215	-14.2202	-647.737
217.82	-13.4622	-652.834
206.565	-2.84941	-659.984
203.732	-0.55183	-662.78
210.545	-0.0954447	-661.916
212.872	-1.43599	-663.853
208.929	-45.5825	-659.309
209.482	-7.93562	-661.853
202.795	-17.9049	-669.105
186.138	-66.3292	-672.207
182.109	-37.126	-678.455
193.406	-30.0181	-677.189
192.252	-55.3016	-672.549
160.618	-29.6606	-688.791
160.63	-25.3423	-692.156
202.624	-20.6932	-677.275
182.455	-53.5527	-687.3
173.058	-72.188	-686.599
165.701	-63.3379	-691.159
133.766	-64.086	-703.294
113.433	-45.9107	-711.299
158.815	-15.5187	-702.352
145.227	-11.2065	-708.215
140.662	-28.6409	-708.097
167.947	-37.7721	-696.884
145.731	-37.3566	-705.963
150.533	-49.9929	-702.557
150.533	-49.9929	-702.557
157.295	-64.4923	-700.832
151.165	-46.7345	-703.413
155.391	-62.2869	-701.118
141.535	-45.6962	-706.118
154.546	-65.5043	-701.047
150.788	-49.1772	-703.563
135.641	-31.0441	-709.168
151.612	-49.3751	-702.498
139.014	-32.5838	-707.895
130.948	-72.5001	-702.743
140.826	-78.6475	-698.701
146.002	-83.271	-696.942
138.856	-84.9839	-698.503
141.562	-51.7762	-703.591
149.908	-52.1278	-702.116
145.979	-59.7202	-702.355
148.57	-32.4297	-705.78
150.543	-65.8233	-701.128
122.496	-25.9215	-714.56
152.242	-67.3333	-701.169
129.557	-68.4298	-709.543
153.827	-22.0441	-707.898
152.177	-14.9432	-709.61
134.114	-68.7692	-711.042
168.998	-11.7326	-705.141
156.89	-28.9914	-710.621
148.145	-91.4693	-702.984
154.641	-12.8552	-712.722
135.709	-85.6491	-711.981
150.031	-10.2925	-717.05
168.743	-47.3173	-707.94
138.211	-42.5758	-717.5
160.148	-32.7904	-715.943
152.137	-35.264	-717.734
144.162	-37.2806	-719.85
162.396	30.9114	-717.395
159.064	-48.5265	-717.867
151.402	-64.6201	-717.291
146.862	-71.7114	-718.178
135.651	-73.7757	-721.807
147.202	5.18309	-728.47
147.202	5.18309	-728.47
147.202	5.18309	-728.47
150.267	-72.3598	-726.777
138.437	-65.1043	-731.928
139.052	-41.8317	-734.942
131.644	0.516237	-730.75
131.644	0.516237	-730.75
103.213	-12.7674	-746.064
83.4629	-0.523818	-750.15
83.4629	-0.523818	-750.15
138.883	-21.316	-744.11
61.1081	-32.8185	-756.127
126.394	-50.7163	-743.707
115.749	-48.5583	-746.64
114.994	-63.5057	-747.925
94.7018	-60.2467	-751.975
112.123	-62.5781	-750.585
124.88	-74.5398	-747.714
125.617	-66.385	-750.905
116.648	-88.2491	-748.292
134.378	-59.9863	-729.707
133.449	-62.0965	-735.946
137.343	-91.2295	-748.519
120.351	-77.0653	-756.336
103.839	-79.849	-760.242
133.54	-79.2771	-754.685
133.54	-79.2771	-754.685
133.54	-79.2771	-754.685
121.107	-87.541	-746.112
121.107	-87.541	-746.112
116.348	-89.2813	-744.177
102.315	-77.7949	-768.835
105.246	-57.518	-772.193
131.68	-47.9358	-768.516
118.239	-137.86	-739.976
127.881	-143.545	-736.04
127.881	-143.545	-736.04
134.849	-133.227	-752.436
131.621	-141.399	-754.064
128.309	-133.784	-757.702
125.669	-133.873	-760.27
125.669	-133.873	-760.27
139.414	-120.124	-727.574
139.414	-120.124	-727.574
139.414	-120.124	-727.574
117.064	-170.191	-751.298
138.459	-147.363	-762.434
122.539	-120.841	-762.096
139.131	-153.574	-767.396
77.5838	0.380726	-805.309
145.077	-139.73	-744.089
117.298	-126.222	-771.586
111.873	-162.613	-755.355
111.873	-162.613	-755.355
141.172	-97.3422	-760.394
143.467	-140.258	-747.245
143.467	-140.258	-747.245
143.467	-140.258	-747.245
107.412	-158.973	-783.514
107.412	-158.973	-783.514
121.739	-121.546	-762.132
121.739	-121.546	-762.132
124.43	-195.576	-765.502
67.0748	-25.6116	-789.66
101.685	-138.895	-794
101.685	-138.895	-794
131.156	-158.346	-773.083
118.85	-156.159	-784.635
114.857	-164.453	-773.624
97.4572	-61.6435	-776.634
97.4572	-61.6435	-776.634
98.24	-115.45	-784.543
98.24	-115.45	-784.543
76.7768	-26.5651	-789.656
76.7768	-26.5651	-789.656
76.7768	-26.5651	-789.656
97.6569	-130.992	-788.221
97.6569	-130.992	-788.221
97.6569	-130.992	-788.221
84.9371	-102.733	-794.365
113.457	-91.0157	-785.142
97.1161	-108.95	-789.909
97.1161	-108.95	-789.909
97.1161	-108.95	-789.909
127.994	-81.2739	-779.654
127.994	-81.2739	-779.654
127.994	-81.2739	-779.654
142.101	-89.3425	-784.621
134.451	-99.27	-778.493
134.451	-99.27	-778.493
134.451	-99.27	-778.493
124.767	-96.7959	-783.023
124.767	-96.7959	-783.023
135.464	-95.5117	-793.396
143.94	-106.613	-767.1
143.94	-106.613	-767.1
131.709	-62.5408	-792.257
152.781	-115.606	-775.227
152.781	-115.606	-775.227
152.781	-115.606	-775.227
155.443	-88.9489	-775.48
144.233	-106.433	-783.202
144.233	-106.433	-783.202
144.945	-99.2364	-780.666
169.336	-102.456	-769.53
176.967	-103.52	-758.259
176.967	-103.52	-758.259
175.674	-130.289	-742.94
175.674	-130.289	-742.94
175.674	-130.289	-742.94
169.514	-83.9571	-765.845
194.738	-126.765	-758.318
213.167	-137.157	-732.661
213.167	-137.157	-732.661
213.167	-137.157	-732.661
191.09	-137.199	-745.428
193.018	-116.409	-768.75
193.018	-116.409	-768.75
193.018	-116.409	-768.75
199.048	-99.8868	-757.213
199.048	-99.8868	-757.213
199.048	-99.8868	-757.213
221.207	-90.6003	-746.619
218.049	-125.151	-751.705
218.049	-125.151	-751.705
219.995	-130.206	-750.77
226.673	-122.284	-730.375
226.673	-122.284	-730.375
226.841	-98.966	-745.536
226.841	-98.966	-745.536
226.841	-98.966	-745.536
232.149	-114.207	-747.924
232.149	-114.207	-747.924
209.228	-84.7444	-771.855
223.828	-110.067	-746.901
223.828	-110.067	-746.901
223.828	-110.067	-746.901
211.132	-96.262	-774.426
211.132	-96.262	-774.426
223.93	-112.805	-744.387
225.401	-114.532	-748.376
218.71	-101.089	-738.425
221.185	-100.909	-751.703
221.185	-100.909	-751.703
221.185	-100.909	-751.703
233.248	-93.1999	-750.17
233.248	-93.1999	-750.17
233.248	-93.1999	-750.17
178.639	-88.5039	-785.755
200.444	-93.2943	-762.425
200.444	-93.2943	-762.425
200.444	-93.2943	-762.425
209.973	-132.549	-759.444
193.196	-114.047	-772.359
201.038	-99.7625	-770.778
201.038	-99.7625	-770.778
201.038	-99.7625	-770.778
205.938	-88.4823	-778.629
215.877	-114.497	-774.14
215.877	-114.497	-774.14
215.824	-137.039	-759.254
208.583	-112.314	-760.271
189.884	-82.0329	-754.561
189.884	-82.0329	-754.561
189.884	-82.0329	-754.561
213.495	-122.134	-766.073
207.962	-76.0366	-745.928
207.962	-76.0366	-745.928
207.962	-76.0366	-745.928
214.846	-109.864	-754.221
221.136	-93.8292	-736.608
209.444	-116.076	-766.444
210.373	-105.703	-772.197
216.475	-91.9424	-773.036
200.446	-105.765	-757.194
200.446	-105.765	-757.194
233.061	-120.058	-748.613
214.799	-144.301	-761.972
214.799	-144.301	-761.972
214.799	-144.301	-761.972
211.557	-136.596	-756.195
204.501	-104.22	-776.223
204.302	-113.931	-761.966
214.176	-116.469	-772.533
215.532	-130.449	-757.069
215.532	-130.449	-757.069
215.532	-130.449	-757.069
216.985	-165.444	-752.217
216.985	-165.444	-752.217
216.985	-165.444	-752.217
188.089	-113.441	-788.924
188.089	-113.441	-788.924
188.089	-113.441	-788.924
164.449	-141.992	-792.4
189.8	-177.028	-765.696
187.836	-161.484	-787.092
187.836	-161.484	-787.092
187.836	-161.484	-787.092
191.377	-141.299	-782.562
189.795	-183.261	-777.001
189.795	-183.261	-777.001
189.795	-183.261	-777.001
140.898	-131.726	-816.624
175.764	-142.441	-778.17
175.764	-142.441	-778.17
175.764	-142.441	-778.17
174.767	-140.354	-786.579
174.767	-140.354	-786.579
174.767	-140.354	-786.579
142.772	-151.279	-809.889
173.228	-198.248	-785.563
173.228	-198.248	-785.563
173.228	-198.248	-785.563
208.518	-208.13	-752.555
168.572	-204.118	-782.966
168.572	-204.118	-782.966
185.038	-169.244	-783.463
185.038	-169.244	-783.463
185.038	-169.244	-783.463
146.599	-209.142	-796.295
184.524	-174.036	-781.887
184.524	-174.036	-781.887
166.864	-203.88	-783.051
120.75	-143.741	-828.373
120.75	-143.741	-828.373
92.2292	-146.713	-820.434
92.2292	-146.713	-820.434
114.15	-128.63	-823.361
174.939	-188.094	-782.7
174.939	-188.094	-782.7
117.523	-137.929	-840.57
136.956	-193.397	-790.198
193.426	-197.932	-759.162
161.051	-184.058	-786.468
151.708	-205.246	-767.224
151.708	-205.246	-767.224
151.708	-205.246	-767.224
168.79	-218.24	-788.735
179.295	-180.55	-780.533
158.885	-181.348	-780.492
158.885	-181.348	-780.492
158.885	-181.348	-780.492
200.651	-186.933	-767.201
168.606	-184.771	-775.57
168.606	-184.771	-775.57
196.052	-176.525	-772.077
203.695	-225.432	-746.157
203.695	-225.432	-746.157
167.026	-193.726	-784.233
167.026	-193.726	-784.233
167.026	-193.726	-784.233
165.111	-220.79	-777.454
210.965	-224.986	-803.479
193.398	-240.648	-803.6
193.398	-240.648	-803.6
193.398	-240.648	-803.6
187.287	-251.264	-803.544
231.121	-245.843	-799.784
231.121	-245.843	-799.784
180.89	-247.8	-812.242
180.89	-247.8	-812.242
210.527	-255.257	-805.032
188.491	-253.794	-819.366
180.458	-218.162	-839.361
197.478	-239.714	-801.932
217.564	-243.205	-822.6
217.564	-243.205	-822.6
199.923	-283.403	-798.829
199.923	-283.403	-798.829
199.923	-283.403	-798.829
222.275	-250.148	-829.114
190.224	-238.095	-854.481
190.224	-238.095	-854.481
190.224	-238.095	-854.481
177.616	-244.883	-858.908
203.677	-238.991	-875.863
193.632	-271.276	-853.921
193.632	-271.276	-853.921
184.843	-259.28	-868.003
198.399	-254.49	-869.826
195.803	-242.164	-877.262
221.855	-262.328	-858.385
226.343	-268.421	-866.402
200.45	-276.126	-836.533
200.45	-276.126	-836.533
193.499	-256.828	-878.638
197.084	-257.523	-899.964
197.084	-257.523	-899.964
188.193	-297.659	-890.55
188.193	-297.659	-890.55
188.193	-297.659	-890.55
174.732	-304.419	-896.103
195.582	-293.173	-886.727
215.13	-298.636	-911.798
183.347	-321.549	-884.852
153.72	-304.114	-887.226
150.14	-291.29	-941.828
191.709	-319.847	-928.888
191.709	-319.847	-928.888
157.35	-324.592	-911.213
148.407	-316.65	-956.071
148.407	-316.65	-956.071
148.407	-316.65	-956.071
169.563	-316.657	-934.531
129.293	-322.482	-901.686
173.825	-310.757	-962.157
173.825	-310.757	-962.157
162.582	-311.089	-954.956
162.582	-311.089	-954.956
178.593	-333.011	-941.558
178.593	-333.011	-941.558
178.593	-333.011	-941.558
143.45	-348.288	-949.003
196.599	-317.088	-973.878
189.862	-323	-984.74
166.721	-317.328	-950.863
179.955	-327.958	-985.562
115.988	-360.051	-976.014
174	-317.642	-999.335
165.637	-347.284	-988.689
166.956	-321.969	-1005.41
177.938	-342.869	-973.401
213.102	-365.654	-959.617
171.181	-272.386	-1039.58
163.525	-284.537	-1031.64
167.295	-312.695	-1020.93
198.178	-364.39	-970.781
159.985	-355.001	-1000.68
197.414	-347.193	-997.204
226.149	-329.512	-1008.86
150.773	-360.72	-1003.28
215.527	-359.751	-985.483
211.576	-328.143	-1019.56
143.001	-292.161	-1053.28
145.3	-315.886	-1046.11
177.651	-339.222	-1032
189.401	-350.704	-1024.95
187.847	-347.449	-1037.73
163.039	-343.963	-1038.75
193.177	-375.739	-1016.46
180.492	-313.892	-1074.77
184.133	-389.885	-1017.81
123.005	-303.226	-1085.01
213.086	-380.541	-1026.64
122.534	-342.408	-1078.57
208.834	-380.265	-1044.2
164.173	-379.013	-1054.54
164.087	-400.291	-1043.75
140.876	-349.949	-1092.26
198.173	-382.717	-1062.86
186.505	-390.836	-1065.64
204.356	-413.362	-1038.17
159.204	-421.572	-1050.63
132.959	-411.893	-1070.39
221.899	-417.442	-1064.96
105.459	-400.093	-1097.76
194.974	-407.66	-1078.73
94.6149	-375.573	-1128.51
190.191	-419.548	-1077.2
197.905	-408.156	-1101.92
140.857	-432.964	-1088.56
149.94	-436.544	-1089.21
170.456	-414.051	-1114.47
83.0182	-443.816	-1099.67
158.429	-429.166	-1109.98
128.106	-465.188	-1083.49
150.442	-465.52	-1098.19
165.936	-412.36	-1137.82
134.515	-456.534	-1101.67
141.372	-399.161	-1147.32
162.619	-462.992	-1087.91
161.477	-437.367	-1130.51
115.732	-469.588	-1124.54
136.339	-462.423	-1099.63
171.935	-420.899	-1150.89
211.197	-439.508	-1127.97
157.425	-435.8	-1146.19
144.162	-458.116	-1132.35
92.9873	-475.892	-1135.51
161.285	-454.26	-1139.43
130.01	-469.319	-1147.45
120.42	-414.905	-1195.61
181.069	-461.459	-1151.48
247.836	-487.178	-1113.23
156.564	-482.917	-1127.95
96.8508	-440.427	-1184.02
202.506	-450.621	-1177.54
200.193	-447.126	-1180.54
134.03	-466.796	-1173.73
202.051	-474.034	-1168.38
122.198	-451.768	-1211.42
167.251	-484.713	-1174.02
132.069	-447.844	-1200.41
130.877	-458.798	-1219.38
81.4806	-383.916	-1264.48
257.505	-479.714	-1169.75
156.222	-489.863	-1175.62
160.876	-474.591	-1199.03
109.884	-462.322	-1231.33
106.322	-461.207	-1245.51
143.257	-463.938	-1244.96
150.418	-451.321	-1253.85
212.554	-495.479	-1217.97
99.6367	-473.255	-1237.43
97.0122	-432.185	-1296.9
164.675	-514.311	-1217.15
140.104	-511.728	-1224.4
97.3903	-418.565	-1326.42
153.768	-522.195	-1236.24
90.3365	-501.759	-1264.12
145.023	-482.371	-1294.83
121.395	-500.774	-1291.13
170.574	-502.95	-1281.29
74.286	-480.766	-1294.02
145.628	-482.037	-1294.37
80.7866	-461.058	-1358.85
193.1	-543.476	-1253
206.864	-462.164	-1311.49
89.2762	-432.834	-1367.56
240.248	-510.529	-1315.16
151.722	-542.583	-1298.57
146.36	-517.115	-1325.11
182.562	-443.509	-1392.13
65.1692	-553.986	-1320.03
176.754	-512.927	-1329.11
226.304	-535.093	-1311.19
155.455	-487.272	-1391.79
160.4	-457.993	-1405.6
60.5429	443.097	-1409.32
122.011	-570.452	-1312.27
171.732	-552.557	-1314.08
137.448	-549.885	-1336.47
187.938	-547.966	-1317.56
62.6672	-585.915	-1330.34
276.4	-505.163	-1371.88
228.838	-520.678	-1376.32
152.91	-548.366	-1374.29
79.1214	-574.613	-1379.77
252.516	-536.295	-1376.13
185.774	-555.033	-1380.61
134.317	-510.808	-1448.55
289.165	-517.817	-1384.68
215.265	-542.637	-1387.64
210.855	-517.447	-1428.72
181.731	-496.378	-1443.15
120.728	-476.404	-1429.33
190.515	-507.163	-1410.67
64.9991	-431.921	-1455.38
94.2029	-433.865	-1454.03
147.707	-587.399	-1412.99
133.743	-596.318	-1404.76
133.743	-596.318	-1404.76
249.724	-564.832	-1381.73
122.448	-595.203	-1405.11
245.171	-611.882	-1391.43
177.595	-535.803	-1456.45
261.944	-607.078	-1396.35
219.956	-514.056	-1466.63
201.442	-495.636	-1484.82
284.974	-517.411	-1446.03
161.544	-669.569	-1421.96
122.053	-643.806	-1457.54
194.664	-476.721	-1502.87
122.214	-644.113	-1457.47
136.061	-584.72	-1516.07
192.91	-587.071	-1507.13
181.098	-580.764	-1514.38
287.697	-694.588	-1427.21
89.1278	-513.711	-1567.09
192.583	-582.606	-1510.15
181.743	-575.562	-1519.22
82.6803	-546.216	-1550.66
216.537	-572.936	-1516.41
202.632	-606.498	-1487.14
204.212	-497.451	-1580.69
81.4515	-625.008	-1509.91
181.343	-498.783	-1582.05
212.293	-584.547	-1505.61
78.1209	-493.968	-1586.64
84.1323	-495.547	-1588.91
137.696	-687.262	-1524.13
222.868	-563.083	-1526.06
178.704	649.555	-1506.66
163.415	-509.454	-1582.89
182.994	-497.524	-1583.17
62.8847	-503.778	-1592.14
200.592	-581.009	-1570.53
147.192	-571.273	-1581.98
53.8505	-562.947	-1584.99
51.0275	-552.766	-1614.28
74.9647	-583.781	-1603.32
68.8394	-634.257	-1559.34
88.8704	562.899	-1610.66
230.534	433.247	-1654.96
232.91	-405.726	-1632.76
248.227	-478.894	-1587.1
85.5746	-495.696	-1587.9
183.334	-498.003	-1581.69
213.955	-650.444	-1500.54
74.9057	-671.095	-1520.55
250.121	-496.817	-1574.79
248.912	-478.908	-1587.23
165.688	-435.566	-1644.32
250.84	420.387	-1653.54
210.054	-368.014	-1654.73
255.307	-454.143	-1602.47
245.142	-436.596	-1612.93
71.0979	-371.114	-1660.93
166.011	-525.218	-1610.54
250.191	-435.213	-1615.3
263.55	-456.39	-1601.79
200.243	-487.417	-1589.86
264.252	-456.645	-1602.23
240.569	-405.434	-1635.08
107.239	-220.809	-1717.99
216.771	-367.878	-1657.09
240.867	-405.789	-1635.25
81.8862	-363.982	-1683.79
173.756	-171.86	-1722.35
120.309	-351.537	-1687.72
131.158	-346.347	-1725.08
122.114	-494.049	-1704.91
284.433	-495.636	-1676.94
272.216	-520.822	-1662.02
281.013	-509.965	-1668.03
284.433	-495.636	-1676.94
140.21	-264.251	-1799.24
222.882	-325.895	-1740.21
192.758	-442.437	-1721.69
286.624	-475.485	-1690.67
272.124	-444.332	-1711.21
230.777	-417.349	-1739.6
115.321	-561.928	-1712.2
52.3447	-394.017	-1757.1
96.4637	-565.715	-1672.93
77.7904	-616.709	-1693.3
205.683	514.569	-1710.38
103.357	-527.97	-1719.82
131.834	-487.862	-1735.9
265.316	-412.513	-1748.74
250.021	-263.58	-1791.98
186.273	-506.272	-1728.36
266.637	-523.373	-1728.53
261.406	634.428	-1685.78
273.821	355.634	-1755.02
295.262	628.079	-1688.18
165.761	602.842	-1731.02
289.699	-497.585	-1724.36
57.8716	590.918	-1742.84
156.612	-605.072	-1718.35
295.509	-526.985	-1718.8
229.114	-477.343	-1756.68
242.87	-304.472	-1792
62.6579	547.539	-1765.39
238.179	-461.835	-1758.73
280.08	-276.099	-1787.49
252.344	616.127	-1712.42
194.711	575.979	-1748.31
225.869	-531.185	-1731.94
290.03	370.302	-1777.76
246.911	-272.235	-1785.55
246.364	-270.069	-1783.63
275.497	-7.37551	-1780.9
257.332	362.734	-1745.57
264.619	-213.814	-1757.84
212.385	205.88	-1791.58
297.243	295.077	-1767.86
251.899	538.61	-1649.09
251.725	471.683	-1693.66
293.283	-196.887	-1785.72
225.618	218.491	-1795.04
289.184	-130.382	-1798.35
